E 1 _ 1
filling ratio: 0.8711097049414382
path:
{[108 76 30](0 0 0)}  {[108 76 30](0 0 30)}  {[108 76 30](0 0 60)}  {[108 76 30](0 0 90)}  {[108 76 30](0 0 120)}
{[108 76 30](0 0 150)}  {[108 76 30](0 0 180)}  {[108 76 30](0 76 0)}  {[108 76 30](0 152 0)}  {[108 76 30](0 76 30)}
{[108 76 30](0 152 30)}  {[108 76 30](0 76 60)}  {[108 76 30](0 152 60)}  {[108 76 30](0 76 90)}  {[108 76 30](0 152 90)}
{[108 76 30](0 76 120)}  {[108 76 30](0 152 120)}  {[108 76 30](0 76 150)}  {[108 76 30](0 152 150)}  {[108 76 30](0 76 180)}
{[108 76 30](0 152 180)}  {[108 76 30](108 0 0)}  {[108 76 30](108 0 30)}  {[108 76 30](108 0 60)}  {[108 76 30](108 0 90)}
{[108 76 30](108 0 120)}  {[108 76 30](108 0 150)}  {[108 76 30](108 0 180)}  {[108 76 30](108 76 0)}  {[92 81 55](108 152 0)}
{[92 81 55](108 152 55)}  {[92 81 55](108 152 110)}  {[92 81 55](108 152 165)}  {[92 81 55](216 0 0)}  {[92 81 55](216 0 55)}
{[92 81 55](216 0 110)}  {[92 81 55](216 0 165)}  {[92 81 55](216 81 0)}  {[92 81 55](216 81 55)}  {[92 81 55](216 81 110)}
{[92 81 55](216 81 165)}  {[92 81 55](308 0 0)}  {[92 81 55](308 0 55)}  {[92 81 55](308 0 110)}  {[92 81 55](308 0 165)}
{[92 81 55](308 81 0)}  {[92 81 55](308 81 55)}  {[92 81 55](308 81 110)}  {[92 81 55](308 81 165)}  {[92 81 55](400 0 0)}
{[92 81 55](400 0 55)}  {[92 81 55](400 0 110)}  {[92 81 55](400 0 165)}  {[92 81 55](400 81 0)}  {[92 81 55](400 81 55)}
{[92 81 55](400 81 110)}  {[92 81 55](400 81 165)}  {[92 81 55](492 0 0)}  {[92 81 55](492 0 55)}  {[92 81 55](492 0 110)}
{[92 81 55](492 0 165)}  {[92 81 55](492 81 0)}  {[92 81 55](492 81 55)}  {[92 81 55](492 81 110)}  {[92 81 55](492 81 165)}
{[108 76 30](108 76 30)}  {[108 76 30](108 76 60)}  {[108 76 30](108 76 90)}  {[108 76 30](108 76 120)}  {[108 76 30](108 76 150)}
{[108 76 30](108 76 180)}  {[110 43 25](216 162 0)}  {[110 43 25](216 162 25)}  {[110 43 25](216 162 50)}  {[110 43 25](216 162 75)}
{[110 43 25](216 162 100)}  {[110 43 25](216 162 125)}  {[110 43 25](216 162 150)}  {[110 43 25](216 162 175)}  {[110 43 25](326 162 0)}
{[110 43 25](326 162 25)}  {[110 43 25](326 162 50)}  {[110 43 25](326 162 75)}  {[110 43 25](326 162 100)}  {[110 43 25](326 162 125)}
{[110 43 25](326 162 150)}  {[110 43 25](326 162 175)}  {[110 43 25](436 162 0)}  {[110 43 25](436 162 25)}  {[110 43 25](436 162 50)}
{[110 43 25](436 162 75)}  {[110 43 25](436 162 100)}  {[110 43 25](436 162 125)}  {[110 43 25](436 162 150)}  {[110 43 25](436 162 175)}

E 1 _ 2
filling ratio: 0.817436444860387
path:
{[91 54 45](0 0 0)}  {[91 54 45](0 0 45)}  {[91 54 45](0 0 90)}  {[91 54 45](0 0 135)}  {[91 54 45](0 54 0)}
{[91 54 45](0 108 0)}  {[91 54 45](0 162 0)}  {[91 54 45](0 54 45)}  {[91 54 45](0 108 45)}  {[91 54 45](0 162 45)}
{[91 54 45](0 54 90)}  {[91 54 45](0 108 90)}  {[91 54 45](0 162 90)}  {[91 54 45](0 54 135)}  {[91 54 45](0 108 135)}
{[91 54 45](0 162 135)}  {[91 54 45](91 0 0)}  {[91 54 45](91 0 45)}  {[91 54 45](91 0 90)}  {[91 54 45](91 0 135)}
{[91 54 45](91 54 0)}  {[91 54 45](91 108 0)}  {[91 54 45](91 162 0)}  {[91 54 45](91 54 45)}  {[91 54 45](91 108 45)}
{[91 54 45](91 162 45)}  {[91 54 45](91 54 90)}  {[91 54 45](91 108 90)}  {[91 54 45](91 162 90)}  {[91 54 45](91 54 135)}
{[91 54 45](91 108 135)}  {[91 54 45](91 162 135)}  {[79 78 48](182 0 0)}  {[79 78 48](182 0 48)}  {[79 78 48](182 0 96)}
{[79 78 48](182 0 144)}  {[79 78 48](182 78 0)}  {[79 78 48](182 78 48)}  {[79 78 48](182 78 96)}  {[79 78 48](182 78 144)}
{[105 77 72](261 0 0)}  {[105 77 72](261 0 72)}  {[105 77 72](261 0 144)}  {[105 77 72](261 77 0)}  {[105 77 72](261 77 72)}
{[105 77 72](261 77 144)}  {[105 77 72](261 154 0)}  {[105 77 72](261 154 72)}  {[105 77 72](261 154 144)}  {[105 77 72](366 0 0)}
{[105 77 72](366 0 72)}  {[105 77 72](366 0 144)}  {[105 77 72](366 77 0)}  {[105 77 72](366 77 72)}  {[105 77 72](366 77 144)}
{[105 77 72](366 154 0)}  {[105 77 72](366 154 72)}  {[105 77 72](366 154 144)}  {[105 77 72](471 0 0)}  {[105 77 72](471 0 72)}
{[105 77 72](471 0 144)}  {[105 77 72](471 77 0)}  {[105 77 72](471 77 72)}  {[105 77 72](471 77 144)}  {[79 78 48](471 154 0)}
{[79 78 48](471 154 48)}  {[79 78 48](471 154 96)}  {[79 78 48](471 154 144)}
E 1 _ 3
filling ratio: 0.8178097297340412
path:
{[105 77 72](0 0 0)}  {[105 77 72](0 0 72)}  {[105 77 72](0 0 144)}  {[105 77 72](0 77 0)}  {[105 77 72](0 154 0)}
{[105 77 72](0 77 72)}  {[105 77 72](0 154 72)}  {[105 77 72](0 77 144)}  {[105 77 72](0 154 144)}  {[105 77 72](105 0 0)}
{[105 77 72](105 0 72)}  {[105 77 72](105 0 144)}  {[105 77 72](105 77 0)}  {[105 77 72](105 154 0)}  {[105 77 72](105 77 72)}
{[79 78 48](210 0 0)}  {[79 78 48](210 0 48)}  {[105 77 72](105 154 72)}  {[105 77 72](105 77 144)}  {[105 77 72](105 154 144)}
{[79 78 48](210 0 96)}  {[79 78 48](210 0 144)}  {[79 78 48](210 78 0)}  {[79 78 48](210 78 48)}  {[79 78 48](210 78 96)}
{[79 78 48](210 78 144)}  {[79 78 48](289 0 0)}  {[79 78 48](289 0 48)}  {[79 78 48](289 0 96)}  {[79 78 48](289 0 144)}
{[79 78 48](289 78 0)}  {[79 78 48](289 78 48)}  {[105 77 72](210 156 0)}  {[105 77 72](210 156 72)}  {[105 77 72](210 156 144)}
{[105 77 72](368 0 0)}  {[105 77 72](368 0 72)}  {[105 77 72](368 0 144)}  {[79 78 48](289 78 96)}  {[79 78 48](289 78 144)}
{[79 78 48](368 77 0)}  {[79 78 48](368 155 0)}  {[79 78 48](368 77 48)}  {[91 54 45](473 0 0)}  {[91 54 45](473 0 45)}
{[91 54 45](473 0 90)}  {[91 54 45](473 0 135)}  {[91 54 45](473 54 0)}  {[91 54 45](473 54 45)}  {[91 54 45](473 54 90)}
{[91 54 45](473 54 135)}  {[91 54 45](473 108 0)}  {[91 54 45](473 108 45)}  {[91 54 45](473 108 90)}  {[91 54 45](473 108 135)}
{[91 54 45](473 162 0)}  {[79 78 48](368 155 48)}  {[79 78 48](368 77 96)}  {[79 78 48](368 155 96)}  {[79 78 48](368 77 144)}
{[79 78 48](368 155 144)}  {[91 54 45](473 162 45)}  {[91 54 45](473 162 90)}  {[91 54 45](473 162 135)}
E 1 _ 4
filling ratio: 0.8545930457081212
path:
{[98 75 55](0 0 0)}  {[98 75 55](0 0 55)}  {[98 75 55](0 0 110)}  {[98 75 55](0 0 165)}  {[98 75 55](0 75 0)}
{[98 75 55](0 150 0)}  {[98 75 55](0 75 55)}  {[98 75 55](0 150 55)}  {[98 75 55](0 75 110)}  {[98 75 55](0 150 110)}
{[98 75 55](0 75 165)}  {[98 75 55](0 150 165)}  {[98 75 55](98 0 0)}  {[98 75 55](98 0 55)}  {[98 75 55](98 0 110)}
{[98 75 55](98 0 165)}  {[98 75 55](98 75 0)}  {[98 75 55](98 150 0)}  {[98 75 55](98 75 55)}  {[98 75 55](98 150 55)}
{[98 75 55](98 75 110)}  {[98 75 55](98 150 110)}  {[98 75 55](98 75 165)}  {[98 75 55](98 150 165)}  {[98 75 55](196 0 0)}
{[98 75 55](196 0 55)}  {[98 75 55](196 0 110)}  {[98 75 55](196 0 165)}  {[98 75 55](196 75 0)}  {[98 75 55](196 150 0)}
{[98 75 55](196 75 55)}  {[98 75 55](196 150 55)}  {[98 75 55](196 75 110)}  {[98 75 55](196 150 110)}  {[98 75 55](196 75 165)}
{[98 75 55](196 150 165)}  {[98 75 55](294 0 0)}  {[98 75 55](294 0 55)}  {[98 75 55](294 0 110)}  {[98 75 55](294 0 165)}
{[60 59 39](294 75 0)}  {[60 59 39](294 134 0)}  {[60 59 39](294 75 39)}  {[60 59 39](294 75 78)}  {[60 59 39](294 75 117)}
{[60 59 39](294 75 156)}  {[60 59 39](294 134 39)}  {[60 59 39](294 134 78)}  {[60 59 39](294 134 117)}  {[60 59 39](294 134 156)}
{[60 59 39](392 0 0)}  {[60 59 39](392 0 39)}  {[60 59 39](392 0 78)}  {[60 59 39](392 0 117)}  {[60 59 39](392 0 156)}
{[60 40 32](294 193 0)}  {[60 40 32](294 193 32)}  {[60 40 32](294 193 64)}  {[60 40 32](294 193 96)}  {[60 40 32](294 193 128)}
{[60 40 32](294 193 160)}  {[60 40 32](392 59 0)}  {[60 40 32](392 99 0)}  {[60 40 32](392 139 0)}  {[60 59 39](392 59 32)}
{[60 59 39](392 118 32)}  {[60 59 39](392 59 71)}  {[60 59 39](392 118 71)}  {[60 59 39](392 59 110)}  {[60 59 39](392 118 110)}
{[60 59 39](392 59 149)}  {[60 59 39](392 118 149)}  {[60 59 39](452 0 0)}  {[60 59 39](452 0 39)}  {[60 59 39](452 0 78)}
{[60 59 39](452 0 117)}  {[60 59 39](452 0 156)}  {[60 59 39](452 59 0)}  {[60 59 39](452 59 39)}  {[60 59 39](452 59 78)}
{[60 59 39](452 59 117)}  {[60 59 39](452 59 156)}  {[60 59 39](452 118 0)}  {[60 59 39](452 118 39)}  {[60 59 39](452 118 78)}
{[60 59 39](452 118 117)}  {[60 59 39](452 118 156)}  {[60 59 39](512 0 0)}  {[60 59 39](512 0 39)}  {[60 59 39](512 0 78)}
{[60 59 39](512 0 117)}  {[60 59 39](512 0 156)}  {[60 59 39](512 59 0)}  {[60 59 39](512 59 39)}  {[60 59 39](512 59 78)}
{[60 59 39](512 59 117)}  {[60 59 39](512 59 156)}  {[60 59 39](512 118 0)}  {[60 59 39](512 118 39)}  {[60 59 39](512 118 78)}
{[60 59 39](512 118 117)}  {[60 59 39](512 118 156)}  {[60 40 32](392 59 188)}  {[60 40 32](392 99 188)}  {[60 40 32](392 179 0)}
{[60 40 32](392 179 32)}  {[60 40 32](392 179 64)}  {[60 40 32](392 179 96)}  {[60 40 32](392 179 128)}  {[60 40 32](392 179 160)}
{[60 40 32](452 177 0)}  {[60 40 32](452 177 32)}  {[60 40 32](452 177 64)}  {[60 40 32](452 177 96)}  {[60 40 32](452 177 128)}
{[60 40 32](452 177 160)}  {[60 40 32](512 177 0)}  {[60 40 32](512 177 32)}  {[60 40 32](512 177 64)}  {[60 40 32](512 177 96)}
{[60 40 32](512 177 128)}  {[60 40 32](512 177 160)}
E 1 _ 5
filling ratio: 0.7636964508026356
path:
{[90 84 41](0 0 0)}  {[90 84 41](0 0 41)}  {[90 84 41](0 0 82)}  {[90 84 41](0 0 123)}  {[89 70 25](0 0 164)}
{[89 70 25](0 0 189)}  {[89 70 25](0 84 0)}  {[78 37 27](0 154 0)}  {[78 37 27](0 191 0)}  {[78 37 27](0 154 27)}
{[78 37 27](0 191 27)}  {[78 37 27](0 154 54)}  {[90 84 41](90 0 0)}  {[90 84 41](90 0 41)}  {[90 84 41](90 0 82)}
{[90 84 41](90 0 123)}  {[90 84 41](90 0 164)}  {[90 84 41](90 84 0)}  {[90 84 41](90 84 41)}  {[90 84 41](90 84 82)}
{[90 84 41](90 84 123)}  {[90 84 41](90 84 164)}  {[90 84 41](180 0 0)}  {[90 84 41](180 0 41)}  {[90 84 41](180 0 82)}
{[90 84 41](180 0 123)}  {[90 84 41](180 0 164)}  {[90 84 41](180 84 0)}  {[90 84 41](180 84 41)}  {[90 84 41](180 84 82)}
{[90 84 41](180 84 123)}  {[90 84 41](180 84 164)}  {[90 84 41](270 0 0)}  {[90 84 41](270 0 41)}  {[90 84 41](270 0 82)}
{[90 84 41](270 0 123)}  {[90 84 41](270 0 164)}  {[90 84 41](270 84 0)}  {[78 37 27](0 191 54)}  {[78 37 27](0 154 81)}
{[78 37 27](0 191 81)}  {[78 37 27](0 154 108)}  {[78 37 27](0 191 108)}  {[78 37 27](0 154 135)}  {[78 37 27](0 191 135)}
{[89 70 25](0 84 25)}  {[89 70 25](0 84 50)}  {[90 84 41](270 84 41)}  {[90 84 41](270 84 82)}  {[90 84 41](270 84 123)}
{[90 84 41](270 84 164)}  {[90 84 41](360 0 0)}  {[90 84 41](360 0 41)}  {[90 84 41](360 0 82)}  {[90 84 41](360 0 123)}
{[89 70 25](360 0 164)}  {[89 70 25](360 0 189)}  {[89 70 25](0 84 75)}  {[89 70 25](0 84 100)}  {[89 70 25](0 84 125)}
{[89 70 25](0 84 150)}  {[89 70 25](0 84 175)}  {[89 70 25](360 84 0)}  {[89 70 25](360 84 25)}  {[89 70 25](360 84 50)}
{[89 70 25](360 84 75)}  {[89 70 25](360 84 100)}  {[89 70 25](360 84 125)}  {[89 70 25](360 84 150)}  {[89 70 25](360 84 175)}
{[89 70 25](360 154 0)}  {[89 70 25](360 154 25)}  {[89 70 25](360 154 50)}  {[90 84 41](450 0 0)}  {[90 84 41](450 0 41)}
{[90 84 41](450 0 82)}  {[90 84 41](450 0 123)}  {[90 84 41](450 0 164)}  {[90 84 41](450 84 0)}  {[90 84 41](450 84 41)}
{[90 84 41](450 84 82)}  {[90 84 41](450 84 123)}  {[90 84 41](450 84 164)}  {[89 70 25](360 154 75)}  {[89 70 25](360 154 100)}
{[89 70 25](360 154 125)}  {[89 70 25](360 154 150)}  {[89 70 25](360 154 175)}  {[78 37 27](0 154 162)}  {[78 37 27](0 191 162)}
{[78 37 27](0 154 189)}  {[78 37 27](0 191 189)}  {[78 37 27](90 168 0)}  {[78 37 27](90 168 27)}  {[78 37 27](90 168 54)}
{[78 37 27](90 168 81)}  {[78 37 27](90 168 108)}  {[78 37 27](90 168 135)}  {[78 37 27](90 168 162)}  {[78 37 27](90 168 189)}
{[78 37 27](450 168 0)}  {[78 37 27](450 168 27)}  {[78 37 27](450 168 54)}  {[78 37 27](450 168 81)}  {[78 37 27](450 168 108)}
{[78 37 27](450 168 135)}  {[78 37 27](450 168 162)}  {[78 37 27](450 168 189)}  {[78 37 27](168 168 0)}  {[78 37 27](168 168 27)}
{[78 37 27](168 168 54)}  {[78 37 27](168 168 81)}  {[78 37 27](168 168 108)}  {[78 37 27](168 168 135)}  {[78 37 27](168 168 162)}
{[78 37 27](168 168 189)}  {[78 37 27](246 168 0)}  {[78 37 27](246 168 27)}  {[78 37 27](246 168 54)}  {[78 37 27](246 168 81)}
{[78 37 27](246 168 108)}  {[78 37 27](246 168 135)}  {[78 37 27](246 168 162)}  {[78 37 27](246 168 189)}
E 2 _ 1
filling ratio: 0.8166085846215406
path:
{[108 76 30](0 0 0)}  {[108 76 30](0 0 30)}  {[108 76 30](0 0 60)}  {[108 76 30](0 0 90)}  {[108 76 30](0 0 120)}
{[108 76 30](0 0 150)}  {[108 76 30](0 0 180)}  {[108 76 30](0 76 0)}  {[108 76 30](0 152 0)}  {[110 43 25](108 0 0)}
{[110 43 25](108 0 25)}  {[110 43 25](108 0 50)}  {[108 76 30](0 76 30)}  {[110 43 25](108 0 75)}  {[110 43 25](108 0 100)}
{[108 76 30](0 152 30)}  {[108 76 30](0 76 60)}  {[110 43 25](108 0 125)}  {[110 43 25](108 0 150)}  {[120 99 73](218 0 0)}
{[120 99 73](218 99 0)}  {[120 99 73](218 0 73)}  {[120 99 73](218 0 146)}  {[120 99 73](218 99 73)}  {[120 99 73](218 99 146)}
{[92 81 55](108 43 0)}  {[92 81 55](108 43 55)}  {[120 99 73](338 0 0)}  {[92 81 55](108 43 110)}  {[92 81 55](108 43 165)}
{[120 99 73](338 0 73)}  {[120 99 73](338 0 146)}  {[120 99 73](338 99 0)}  {[120 99 73](338 99 73)}  {[120 99 73](338 99 146)}
{[120 99 73](458 0 0)}  {[92 81 55](458 0 73)}  {[92 81 55](458 0 128)}  {[92 81 55](108 124 0)}  {[120 99 73](458 99 0)}
{[120 99 73](458 99 73)}  {[81 33 28](108 0 175)}  {[108 76 30](458 99 146)}  {[108 76 30](458 99 176)}  {[108 76 30](0 152 60)}
{[108 76 30](0 76 90)}  {[92 81 55](108 124 55)}  {[92 81 55](108 124 110)}  {[92 81 55](108 124 165)}  {[108 76 30](0 76 120)}
{[108 76 30](0 76 150)}  {[108 76 30](0 76 180)}  {[108 76 30](0 152 90)}  {[108 76 30](0 152 120)}  {[108 76 30](0 152 150)}
{[108 76 30](0 152 180)}  {[81 33 28](458 0 183)}  {[81 33 28](458 33 183)}  {[81 33 28](218 198 0)}  {[81 33 28](218 198 28)}
{[81 33 28](218 198 56)}  {[81 33 28](218 198 84)}  {[81 33 28](218 198 112)}  {[81 33 28](218 198 140)}  {[81 33 28](218 198 168)}
{[81 33 28](299 198 0)}  {[81 33 28](299 198 28)}  {[81 33 28](299 198 56)}
E 2 _ 2
filling ratio: 0.8201393703210609
path:
{[103 76 64](0 0 0)}  {[103 76 64](0 0 64)}  {[103 76 64](0 0 128)}  {[103 76 64](0 76 0)}  {[103 76 64](0 152 0)}
{[103 76 64](0 76 64)}  {[103 76 64](0 152 64)}  {[103 76 64](0 76 128)}  {[103 76 64](0 152 128)}  {[103 76 64](103 0 0)}
{[103 76 64](103 0 64)}  {[103 76 64](103 0 128)}  {[103 76 64](103 76 0)}  {[103 76 64](103 152 0)}  {[103 76 64](103 76 64)}
{[103 76 64](103 152 64)}  {[103 76 64](103 76 128)}  {[103 76 64](103 152 128)}  {[103 76 64](206 0 0)}  {[103 76 64](206 0 64)}
{[103 76 64](206 0 128)}  {[103 76 64](206 76 0)}  {[103 76 64](206 152 0)}  {[103 76 64](206 76 64)}  {[103 76 64](206 152 64)}
{[103 76 64](206 76 128)}  {[103 76 64](206 152 128)}  {[103 76 64](309 0 0)}  {[95 70 62](309 0 64)}  {[95 70 62](309 0 126)}
{[95 70 62](309 76 0)}  {[95 70 62](309 146 0)}  {[95 70 62](309 76 62)}  {[95 70 62](309 146 62)}  {[95 70 62](309 76 124)}
{[95 70 62](309 146 124)}  {[95 70 62](412 0 0)}  {[95 70 62](412 0 62)}  {[95 70 62](412 0 124)}  {[95 70 62](412 70 0)}
{[95 70 62](412 140 0)}  {[95 70 62](412 70 62)}  {[95 70 62](412 140 62)}  {[95 70 62](412 70 124)}  {[95 70 62](412 140 124)}
{[49 25 21](309 0 188)}  {[49 25 21](309 25 188)}  {[49 25 21](0 0 192)}  {[49 25 21](206 0 192)}  {[49 25 21](309 76 186)}
{[49 25 21](309 101 186)}  {[49 25 21](309 126 186)}  {[49 25 21](309 151 186)}  {[49 25 21](309 176 186)}  {[49 25 21](412 0 186)}
{[49 25 21](206 25 192)}  {[49 25 21](206 50 192)}  {[49 25 21](206 75 192)}  {[49 25 21](206 100 192)}  {[49 25 21](206 125 192)}
{[49 25 21](206 150 192)}  {[49 25 21](206 175 192)}  {[49 25 21](206 200 192)}  {[49 25 21](412 25 186)}  {[49 25 21](412 50 186)}
{[49 25 21](412 75 186)}  {[49 25 21](412 100 186)}  {[111 49 26](49 0 192)}  {[111 49 26](49 49 192)}  {[111 49 26](49 98 192)}
{[111 49 26](49 147 192)}  {[60 51 41](507 0 0)}  {[60 51 41](507 0 41)}  {[60 51 41](507 0 82)}  {[60 51 41](507 0 123)}
{[60 51 41](507 0 164)}  {[60 51 41](507 51 0)}  {[60 51 41](507 51 41)}  {[60 51 41](507 51 82)}  {[60 51 41](507 51 123)}
{[60 51 41](507 51 164)}  {[60 51 41](507 102 0)}  {[60 51 41](507 102 41)}  {[60 51 41](507 102 82)}  {[60 51 41](507 102 123)}
{[60 51 41](507 102 164)}  {[60 51 41](507 153 0)}  {[60 51 41](507 153 41)}  {[60 51 41](507 153 82)}  {[60 51 41](507 153 123)}
{[60 51 41](507 153 164)}
E 2 _ 3
filling ratio: 0.8620819737836503
path:
{[100 80 72](0 0 0)}  {[100 80 72](0 0 72)}  {[100 80 72](0 0 144)}  {[100 80 72](0 80 0)}  {[100 80 72](0 80 72)}
{[100 80 72](0 80 144)}  {[100 80 72](100 0 0)}  {[100 80 72](100 0 72)}  {[100 80 72](100 0 144)}  {[100 80 72](100 80 0)}
{[100 80 72](100 80 72)}  {[100 80 72](100 80 144)}  {[100 80 72](200 0 0)}  {[100 80 72](200 0 72)}  {[100 80 72](200 0 144)}
{[100 80 72](200 80 0)}  {[100 80 72](200 80 72)}  {[100 80 72](200 80 144)}  {[100 80 72](300 0 0)}  {[100 80 72](300 0 72)}
{[94 54 36](300 0 144)}  {[94 54 36](300 0 180)}  {[94 54 36](0 160 0)}  {[94 54 36](94 160 0)}  {[94 54 36](188 160 0)}
{[94 54 36](0 160 36)}  {[94 54 36](94 160 36)}  {[94 54 36](188 160 36)}  {[94 54 36](0 160 72)}  {[94 54 36](94 160 72)}
{[94 54 36](188 160 72)}  {[94 54 36](0 160 108)}  {[94 54 36](94 160 108)}  {[94 54 36](188 160 108)}  {[94 54 36](0 160 144)}
{[94 54 36](94 160 144)}  {[94 54 36](188 160 144)}  {[94 54 36](0 160 180)}  {[94 54 36](94 160 180)}  {[94 54 36](188 160 180)}
{[94 54 36](300 80 0)}  {[94 54 36](300 134 0)}  {[94 54 36](300 80 36)}  {[94 54 36](300 80 72)}  {[94 54 36](300 80 108)}
{[94 54 36](300 80 144)}  {[94 54 36](300 80 180)}  {[87 77 43](400 0 0)}  {[87 77 43](400 0 43)}  {[87 77 43](400 0 86)}
{[87 77 43](400 0 129)}  {[87 77 43](400 0 172)}  {[87 77 43](400 77 0)}  {[87 77 43](400 154 0)}  {[87 77 43](400 77 43)}
{[87 77 43](400 77 86)}  {[87 77 43](400 77 129)}  {[88 54 39](300 134 36)}  {[88 54 39](300 134 75)}  {[88 54 39](300 134 114)}
{[88 54 39](300 134 153)}  {[88 54 39](487 0 0)}  {[88 54 39](487 0 39)}  {[88 54 39](487 0 78)}  {[88 54 39](487 0 117)}
{[88 54 39](487 0 156)}  {[88 54 39](487 54 0)}  {[88 54 39](487 54 39)}  {[88 54 39](487 54 78)}  {[88 54 39](487 54 117)}
{[88 54 39](487 54 156)}  {[88 54 39](487 108 0)}  {[88 54 39](487 108 39)}  {[88 54 39](487 108 78)}  {[88 54 39](487 108 117)}
{[88 54 39](487 108 156)}  {[88 54 39](487 162 0)}  {[88 54 39](487 162 39)}  {[88 54 39](487 162 78)}  {[88 54 39](487 162 117)}
{[88 54 39](487 162 156)}  {[87 77 43](400 77 172)}  {[87 77 43](400 154 43)}  {[87 77 43](400 154 86)}  {[87 77 43](400 154 129)}
{[87 77 43](400 154 172)}  {[83 40 36](300 188 0)}  {[83 40 36](300 188 36)}  {[83 40 36](300 188 72)}  {[83 40 36](300 188 108)}
{[83 40 36](300 188 144)}  {[83 40 36](300 188 180)}
E 2 _ 4
filling ratio: 0.8201407661512509
path:
{[80 76 54](0 0 0)}  {[80 76 54](0 0 54)}  {[80 76 54](0 0 108)}  {[80 76 54](0 0 162)}  {[80 76 54](0 76 0)}
{[80 76 54](0 152 0)}  {[80 76 54](0 76 54)}  {[80 76 54](0 152 54)}  {[80 76 54](0 76 108)}  {[80 76 54](0 152 108)}
{[80 76 54](0 76 162)}  {[80 76 54](0 152 162)}  {[80 76 54](80 0 0)}  {[80 76 54](80 0 54)}  {[80 76 54](80 0 108)}
{[80 76 54](80 0 162)}  {[80 76 54](80 76 0)}  {[80 76 54](80 152 0)}  {[80 76 54](80 76 54)}  {[80 76 54](80 152 54)}
{[80 76 54](80 76 108)}  {[80 76 54](80 152 108)}  {[80 76 54](80 76 162)}  {[90 70 63](160 0 0)}  {[90 70 63](160 0 63)}
{[90 70 63](160 0 126)}  {[90 70 63](160 70 0)}  {[90 70 63](160 140 0)}  {[90 70 63](160 70 63)}  {[90 70 63](160 140 63)}
{[90 70 63](160 70 126)}  {[90 70 63](160 140 126)}  {[90 70 63](250 0 0)}  {[90 70 63](250 0 63)}  {[90 70 63](250 0 126)}
{[90 70 63](250 70 0)}  {[90 70 63](250 140 0)}  {[90 70 63](250 70 63)}  {[90 70 63](250 140 63)}  {[84 78 28](160 0 189)}
{[84 78 28](160 78 189)}  {[84 78 28](250 70 126)}  {[84 78 28](250 70 154)}  {[84 78 28](250 70 182)}  {[84 78 28](340 0 0)}
{[84 78 28](340 0 28)}  {[84 78 28](340 0 56)}  {[94 85 39](424 0 0)}  {[94 85 39](424 0 39)}  {[94 85 39](424 0 78)}
{[94 85 39](424 0 117)}  {[94 85 39](424 0 156)}  {[94 85 39](424 85 0)}  {[94 85 39](424 85 39)}  {[84 78 28](340 0 84)}
{[84 78 28](340 0 112)}  {[84 78 28](340 0 140)}  {[84 78 28](340 0 168)}  {[84 78 28](424 85 78)}  {[84 78 28](424 85 106)}
{[84 78 28](424 85 134)}  {[84 78 28](424 85 162)}  {[84 78 28](424 85 190)}  {[84 78 28](340 78 0)}  {[84 78 28](340 78 28)}
{[84 78 28](340 78 56)}  {[84 78 28](340 78 84)}  {[84 78 28](340 78 112)}  {[84 78 28](340 78 140)}  {[84 78 28](340 78 168)}
{[69 50 45](80 152 162)}  {[69 50 45](250 148 126)}  {[69 50 45](250 148 171)}  {[69 50 45](424 170 0)}  {[69 50 45](424 170 45)}
{[69 50 45](424 170 90)}  {[69 50 45](424 170 135)}  {[69 50 45](340 156 0)}  {[69 50 45](340 156 45)}  {[69 50 45](340 156 90)}
{[69 50 45](340 156 135)}  {[69 50 45](518 0 0)}  {[69 50 45](518 0 45)}  {[69 50 45](518 0 90)}  {[69 50 45](518 0 135)}
{[69 50 45](518 50 0)}  {[69 50 45](518 50 45)}  {[69 50 45](518 50 90)}  {[69 50 45](518 50 135)}  {[69 50 45](518 100 0)}
{[69 50 45](518 100 45)}  {[69 50 45](518 100 90)}  {[69 50 45](518 100 135)}  {[69 50 45](518 150 0)}  {[69 50 45](518 150 45)}
{[69 50 45](518 150 90)}  {[69 50 45](518 150 135)}
E 2 _ 5
filling ratio: 0.8161902343731825
path:
{[74 63 61](0 0 0)}  {[74 63 61](0 0 61)}  {[74 63 61](0 0 122)}  {[74 63 61](0 63 0)}  {[106 80 59](74 0 0)}
{[106 80 59](74 0 59)}  {[106 80 59](74 0 118)}  {[106 80 59](74 80 0)}  {[106 80 59](74 80 59)}  {[106 80 59](74 80 118)}
{[106 80 59](180 0 0)}  {[106 80 59](180 0 59)}  {[109 76 42](286 0 0)}  {[109 76 42](286 0 42)}  {[109 76 42](286 0 84)}
{[109 76 42](286 0 126)}  {[109 76 42](286 0 168)}  {[109 76 42](286 76 0)}  {[109 76 42](286 76 42)}  {[109 76 42](286 76 84)}
{[109 76 42](286 76 126)}  {[109 76 42](286 76 168)}  {[109 76 42](286 152 0)}  {[109 76 42](286 152 42)}  {[109 76 42](286 152 84)}
{[109 76 42](286 152 126)}  {[109 76 42](286 152 168)}  {[109 76 42](395 0 0)}  {[109 76 42](395 0 42)}  {[109 76 42](395 0 84)}
{[109 76 42](395 0 126)}  {[109 76 42](395 0 168)}  {[109 76 42](395 76 0)}  {[109 76 42](395 76 42)}  {[109 76 42](395 76 84)}
{[109 76 42](395 76 126)}  {[106 80 59](180 0 118)}  {[106 80 59](395 152 0)}  {[106 80 59](395 152 59)}  {[106 80 59](395 152 118)}
{[106 80 59](180 80 0)}  {[106 80 59](180 80 59)}  {[106 80 59](180 80 118)}  {[74 63 61](74 160 0)}  {[71 60 25](0 0 183)}
{[71 60 25](74 0 177)}  {[71 60 25](74 60 177)}  {[118 56 22](148 160 0)}  {[118 56 22](148 160 22)}  {[118 56 22](148 160 44)}
{[71 60 25](395 152 177)}  {[71 60 25](180 0 177)}  {[71 60 25](180 60 177)}  {[71 60 25](395 76 168)}  {[71 60 25](395 76 193)}
{[74 63 61](74 160 61)}  {[74 63 61](74 160 122)}  {[74 63 61](0 126 0)}  {[74 63 61](0 63 61)}  {[74 63 61](0 126 61)}
{[74 63 61](0 63 122)}  {[74 63 61](0 126 122)}  {[74 63 61](504 0 0)}  {[74 63 61](504 0 61)}  {[74 63 61](504 0 122)}
{[74 63 61](504 63 0)}  {[74 63 61](504 63 61)}  {[74 63 61](504 63 122)}  {[74 63 61](504 126 0)}  {[74 63 61](504 126 61)}
{[74 63 61](504 126 122)}  {[71 60 25](74 160 183)}  {[71 60 25](0 63 183)}  {[71 60 25](504 0 183)}  {[71 60 25](0 123 183)}
{[118 56 22](148 160 66)}  {[118 56 22](148 160 88)}  {[118 56 22](148 160 110)}  {[118 56 22](148 160 132)}  {[118 56 22](148 160 154)}
{[118 56 22](148 160 176)}  {[118 56 22](148 160 198)}
E 3 _ 1
filling ratio: 0.8447486541870586
path:
{[120 99 73](0 0 0)}  {[120 99 73](0 0 73)}  {[120 99 73](0 0 146)}  {[120 99 73](0 99 0)}  {[120 99 73](0 99 73)}
{[120 99 73](0 99 146)}  {[120 99 73](120 0 0)}  {[120 99 73](120 0 73)}  {[120 99 73](120 0 146)}  {[120 99 73](120 99 0)}
{[120 99 73](120 99 73)}  {[108 76 30](120 99 146)}  {[108 76 30](120 99 176)}  {[108 76 30](240 0 0)}  {[108 76 30](240 0 30)}
{[108 76 30](240 0 60)}  {[108 76 30](240 0 90)}  {[108 76 30](240 0 120)}  {[108 76 30](240 0 150)}  {[108 76 30](240 0 180)}
{[108 76 30](240 76 0)}  {[108 76 30](240 152 0)}  {[108 76 30](240 76 30)}  {[108 76 30](240 152 30)}  {[108 76 30](240 76 60)}
{[108 76 30](240 152 60)}  {[108 76 30](240 76 90)}  {[108 76 30](240 76 120)}  {[108 76 30](240 76 150)}  {[108 76 30](240 76 180)}
{[108 76 30](240 152 90)}  {[108 76 30](240 152 120)}  {[108 76 30](240 152 150)}  {[108 76 30](240 152 180)}  {[108 76 30](348 0 0)}
{[81 33 28](0 198 0)}  {[81 33 28](81 198 0)}  {[81 33 28](0 198 28)}  {[81 33 28](81 198 28)}  {[81 33 28](0 198 56)}
{[81 33 28](81 198 56)}  {[81 33 28](0 198 84)}  {[81 33 28](81 198 84)}  {[81 33 28](0 198 112)}  {[81 33 28](81 198 112)}
{[81 33 28](0 198 140)}  {[111 70 48](456 0 0)}  {[111 70 48](456 0 48)}  {[111 70 48](456 0 96)}  {[111 70 48](456 0 144)}
{[111 70 48](456 70 0)}  {[111 70 48](456 70 48)}  {[111 70 48](456 70 96)}  {[111 70 48](456 70 144)}  {[111 70 48](456 140 0)}
{[111 70 48](456 140 48)}  {[98 72 46](348 0 30)}  {[98 72 46](348 0 76)}  {[98 72 46](348 0 122)}  {[98 72 46](348 0 168)}
{[98 72 46](348 76 0)}  {[98 72 46](348 76 46)}  {[98 72 46](348 76 92)}  {[98 72 46](348 76 138)}  {[98 72 46](348 148 0)}
{[98 72 46](348 148 46)}  {[98 72 46](348 148 92)}  {[98 72 46](348 148 138)}  {[95 66 31](348 76 184)}  {[95 66 31](348 142 184)}
{[95 66 31](456 140 96)}  {[95 66 31](456 140 127)}  {[95 66 31](456 140 158)}  {[95 66 31](456 140 189)}  {[110 43 25](456 0 192)}
{[110 43 25](456 43 192)}  {[110 43 25](456 86 192)}
E 3 _ 2
filling ratio: 0.8379851922357278
path:
{[102 78 39](0 0 0)}  {[102 78 39](0 0 39)}  {[102 78 39](0 0 78)}  {[102 78 39](0 0 117)}  {[102 78 39](0 0 156)}
{[102 78 39](0 78 0)}  {[102 78 39](0 78 39)}  {[102 78 39](0 78 78)}  {[102 78 39](0 78 117)}  {[102 78 39](0 78 156)}
{[102 78 39](102 0 0)}  {[102 78 39](102 0 39)}  {[102 78 39](102 0 78)}  {[102 78 39](102 0 117)}  {[102 78 39](102 0 156)}
{[102 78 39](102 78 0)}  {[102 78 39](102 78 39)}  {[102 78 39](102 78 78)}  {[102 78 39](102 78 117)}  {[102 78 39](102 78 156)}
{[101 30 26](0 156 0)}  {[101 30 26](101 156 0)}  {[101 30 26](101 156 26)}  {[101 30 26](101 156 52)}  {[101 30 26](101 156 78)}
{[101 30 26](101 156 104)}  {[101 30 26](101 156 130)}  {[101 30 26](101 156 156)}  {[101 30 26](101 156 182)}  {[101 30 26](0 156 26)}
{[101 30 26](0 156 52)}  {[101 30 26](0 156 78)}  {[101 30 26](0 156 104)}  {[101 30 26](0 156 130)}  {[101 30 26](0 156 156)}
{[101 30 26](0 156 182)}  {[100 56 35](204 0 0)}  {[100 56 35](204 0 35)}  {[100 56 35](204 0 70)}  {[100 56 35](204 0 105)}
{[100 56 35](204 0 140)}  {[100 56 35](204 0 175)}  {[100 56 35](204 56 0)}  {[100 56 35](204 56 35)}  {[100 56 35](204 56 70)}
{[100 56 35](204 56 105)}  {[100 56 35](204 56 140)}  {[100 56 35](204 56 175)}  {[100 56 35](204 112 0)}  {[100 56 35](204 112 35)}
{[100 56 35](204 112 70)}  {[100 56 35](204 112 105)}  {[100 56 35](204 112 140)}  {[106 61 56](304 0 0)}  {[106 61 56](304 0 56)}
{[106 61 56](304 0 112)}  {[106 61 56](304 61 0)}  {[106 61 56](304 61 56)}  {[106 61 56](304 61 112)}  {[106 61 56](304 122 0)}
{[106 61 56](304 122 56)}  {[106 61 56](304 122 112)}  {[106 61 56](410 0 0)}  {[106 61 56](410 0 56)}  {[106 61 56](410 0 112)}
{[106 61 56](410 61 0)}  {[106 61 56](410 61 56)}  {[106 61 56](410 61 112)}  {[106 61 56](410 122 0)}  {[106 61 56](410 122 56)}
{[106 61 56](410 122 112)}  {[91 50 40](204 112 175)}  {[91 50 40](304 0 168)}  {[91 50 40](410 0 168)}  {[91 50 40](304 50 168)}
{[91 50 40](304 100 168)}  {[91 50 40](410 50 168)}  {[91 50 40](410 100 168)}  {[91 50 40](304 183 0)}  {[91 50 40](304 183 40)}
{[91 50 40](304 183 80)}  {[91 50 40](304 183 120)}  {[91 50 40](304 183 160)}  {[91 50 40](395 183 0)}  {[91 50 40](395 183 40)}
{[91 50 40](395 183 80)}  {[91 50 40](395 183 120)}  {[91 50 40](395 183 160)}  {[91 50 40](204 168 0)}  {[91 50 40](204 168 40)}
{[91 50 40](204 168 80)}  {[91 50 40](204 168 120)}  {[91 50 40](204 168 160)}  {[66 50 42](516 0 0)}  {[66 50 42](516 0 42)}
{[66 50 42](516 0 84)}  {[66 50 42](516 0 126)}  {[66 50 42](516 0 168)}  {[66 50 42](516 50 0)}  {[66 50 42](516 50 42)}
{[66 50 42](516 50 84)}  {[66 50 42](516 50 126)}  {[66 50 42](516 50 168)}  {[66 50 42](516 100 0)}  {[66 50 42](516 100 42)}
{[66 50 42](516 100 84)}  {[66 50 42](516 100 126)}  {[66 50 42](516 100 168)}  {[66 50 42](516 150 0)}  {[66 50 42](516 150 42)}
{[66 50 42](516 150 84)}  {[66 50 42](516 150 126)}  {[66 50 42](516 150 168)}  {[113 46 36](0 186 0)}  {[113 46 36](0 186 36)}
{[113 46 36](0 186 72)}  {[113 46 36](0 186 108)}  {[113 46 36](0 186 144)}  {[113 46 36](0 186 180)}
E 3 _ 3
filling ratio: 0.8921409775198225
path:
{[91 54 22](0 0 0)}  {[91 54 22](0 0 22)}  {[91 54 22](0 0 44)}  {[91 54 22](0 0 66)}  {[91 54 22](0 0 88)}
{[91 54 22](0 0 110)}  {[91 54 22](0 0 132)}  {[91 54 22](0 0 154)}  {[91 54 22](0 0 176)}  {[91 54 22](0 0 198)}
{[91 54 22](0 54 0)}  {[91 54 22](0 108 0)}  {[91 54 22](0 162 0)}  {[91 54 22](0 54 22)}  {[91 54 22](0 108 22)}
{[100 80 72](91 0 0)}  {[100 80 72](91 0 72)}  {[100 80 72](91 0 144)}  {[100 80 72](91 80 0)}  {[100 80 72](91 80 72)}
{[100 80 72](91 80 144)}  {[100 80 72](191 0 0)}  {[100 80 72](191 0 72)}  {[100 80 72](191 0 144)}  {[100 80 72](191 80 0)}
{[100 80 72](191 80 72)}  {[100 80 72](191 80 144)}  {[100 80 72](291 0 0)}  {[100 80 72](291 0 72)}  {[100 80 72](291 0 144)}
{[100 80 72](291 80 0)}  {[94 54 36](91 160 0)}  {[94 54 36](91 160 36)}  {[94 54 36](91 160 72)}  {[94 54 36](91 160 108)}
{[94 54 36](91 160 144)}  {[94 54 36](91 160 180)}  {[94 54 36](291 80 72)}  {[94 54 36](291 80 108)}  {[94 54 36](291 80 144)}
{[94 54 36](291 80 180)}  {[94 54 36](185 160 0)}  {[94 54 36](185 160 36)}  {[94 54 36](185 160 72)}  {[94 54 36](185 160 108)}
{[109 58 54](279 160 0)}  {[109 58 54](279 160 54)}  {[109 58 54](279 160 108)}  {[109 58 54](279 160 162)}  {[109 58 54](391 0 0)}
{[109 58 54](391 0 54)}  {[109 58 54](391 0 108)}  {[109 58 54](391 0 162)}  {[109 58 54](391 58 0)}  {[109 58 54](391 116 0)}
{[109 58 54](391 174 0)}  {[109 58 54](391 58 54)}  {[109 58 54](391 58 108)}  {[109 58 54](391 58 162)}  {[109 58 54](391 116 54)}
{[109 58 54](391 116 108)}  {[109 58 54](391 116 162)}  {[88 54 39](185 160 144)}  {[88 54 39](0 162 22)}  {[88 54 39](0 162 61)}
{[88 54 39](0 162 100)}  {[88 54 39](0 162 139)}  {[88 54 39](0 162 178)}  {[88 54 39](0 54 44)}  {[88 54 39](0 108 44)}
{[88 54 39](0 54 83)}  {[88 54 39](0 108 83)}  {[88 54 39](0 54 122)}  {[88 54 39](0 108 122)}  {[88 54 39](0 54 161)}
{[88 54 39](0 108 161)}  {[88 54 39](391 174 54)}  {[88 54 39](391 174 93)}  {[87 77 43](500 0 0)}  {[87 77 43](500 0 43)}
{[87 77 43](500 0 86)}  {[87 77 43](500 0 129)}  {[87 77 43](500 0 172)}  {[87 77 43](500 77 0)}  {[87 77 43](500 77 43)}
{[87 77 43](500 77 86)}  {[87 77 43](500 77 129)}  {[87 77 43](500 77 172)}  {[87 77 43](500 154 0)}  {[87 77 43](500 154 43)}
{[87 77 43](500 154 86)}  {[87 77 43](500 154 129)}  {[87 77 43](500 154 172)}  {[83 40 36](185 160 183)}  {[83 40 36](391 174 132)}
{[83 40 36](391 174 168)}
E 3 _ 4
filling ratio: 0.8294015012486033
path:
{[95 70 62](0 0 0)}  {[95 70 62](0 0 62)}  {[103 76 64](95 0 0)}  {[103 76 64](95 0 64)}  {[103 76 64](95 0 128)}
{[103 76 64](95 76 0)}  {[103 76 64](95 152 0)}  {[103 76 64](95 76 64)}  {[103 76 64](95 152 64)}  {[103 76 64](95 76 128)}
{[103 76 64](95 152 128)}  {[103 76 64](198 0 0)}  {[103 76 64](198 0 64)}  {[103 76 64](198 0 128)}  {[103 76 64](198 76 0)}
{[103 76 64](198 152 0)}  {[95 70 62](0 0 124)}  {[95 70 62](198 76 64)}  {[95 70 62](198 146 64)}  {[111 49 26](301 0 0)}
{[111 49 26](301 0 26)}  {[111 49 26](301 0 52)}  {[111 49 26](301 0 78)}  {[111 49 26](301 0 104)}  {[111 49 26](301 0 130)}
{[111 49 26](301 0 156)}  {[111 49 26](301 0 182)}  {[111 49 26](301 49 0)}  {[111 49 26](301 98 0)}  {[111 49 26](301 147 0)}
{[111 49 26](301 49 26)}  {[95 70 62](198 76 126)}  {[95 70 62](198 146 126)}  {[95 70 62](301 98 26)}  {[95 70 62](301 98 88)}
{[95 70 62](301 98 150)}  {[95 70 62](0 70 0)}  {[85 84 72](0 140 0)}  {[85 84 72](0 140 72)}  {[85 84 72](0 140 144)}
{[85 84 72](412 0 0)}  {[85 84 72](412 0 72)}  {[111 49 26](301 49 52)}  {[111 49 26](301 49 78)}  {[111 49 26](301 49 104)}
{[111 49 26](301 49 130)}  {[111 49 26](301 49 156)}  {[111 49 26](301 49 182)}  {[95 70 62](0 70 62)}  {[95 70 62](0 70 124)}
{[85 84 72](412 0 144)}  {[85 84 72](412 84 0)}  {[85 84 72](412 84 72)}  {[85 84 72](412 84 144)}  {[85 84 72](497 0 0)}
{[85 84 72](497 0 72)}  {[85 84 72](497 0 144)}  {[85 84 72](497 84 0)}  {[85 84 72](497 84 72)}  {[85 84 72](497 84 144)}
{[60 51 41](412 168 0)}  {[60 51 41](412 168 41)}  {[60 51 41](412 168 82)}  {[60 51 41](412 168 123)}  {[60 51 41](412 168 164)}
{[60 51 41](472 168 0)}  {[60 51 41](472 168 41)}  {[60 51 41](472 168 82)}  {[49 25 21](198 76 188)}  {[49 25 21](198 101 188)}
{[49 25 21](198 126 188)}  {[49 25 21](198 151 188)}  {[49 25 21](198 176 188)}  {[49 25 21](95 0 192)}  {[49 25 21](198 0 192)}
{[49 25 21](247 0 192)}  {[49 25 21](198 25 192)}  {[49 25 21](247 25 192)}  {[49 25 21](198 50 192)}  {[49 25 21](247 50 192)}
{[49 25 21](0 0 186)}  {[49 25 21](0 25 186)}  {[49 25 21](0 50 186)}  {[49 25 21](0 75 186)}  {[48 36 31](0 100 186)}
{[48 36 31](472 168 123)}  {[48 36 31](472 168 154)}  {[48 36 31](472 168 185)}  {[48 36 31](532 168 0)}  {[48 36 31](532 168 31)}
{[48 36 31](532 168 62)}  {[48 36 31](532 168 93)}  {[48 36 31](532 168 124)}  {[48 36 31](532 168 155)}  {[48 36 31](532 168 186)}
{[48 36 31](301 196 0)}  {[48 36 31](301 196 31)}  {[48 36 31](301 196 62)}  {[48 36 31](301 196 93)}  {[48 36 31](301 196 124)}
{[48 36 31](301 196 155)}
E 3 _ 5
filling ratio: 0.8230109918304053
path:
{[113 92 33](0 0 0)}  {[113 92 33](0 0 33)}  {[113 92 33](0 0 66)}  {[113 92 33](0 0 99)}  {[113 92 33](0 0 132)}
{[113 92 33](0 0 165)}  {[113 92 33](0 92 0)}  {[113 92 33](0 92 33)}  {[113 92 33](0 92 66)}  {[113 92 33](0 92 99)}
{[113 92 33](0 92 132)}  {[113 92 33](0 92 165)}  {[113 92 33](113 0 0)}  {[113 92 33](113 0 33)}  {[113 92 33](113 0 66)}
{[113 92 33](113 0 99)}  {[113 92 33](113 0 132)}  {[113 92 33](113 0 165)}  {[113 92 33](113 92 0)}  {[113 92 33](113 92 33)}
{[113 92 33](113 92 66)}  {[113 92 33](113 92 99)}  {[113 92 33](113 92 132)}  {[92 64 33](113 92 165)}  {[92 64 33](226 0 0)}
{[92 64 33](226 0 33)}  {[92 64 33](226 0 66)}  {[92 64 33](226 0 99)}  {[92 64 33](226 0 132)}  {[92 64 33](226 0 165)}
{[75 45 35](0 184 0)}  {[75 45 35](75 184 0)}  {[75 45 35](150 184 0)}  {[75 45 35](0 184 35)}  {[75 45 35](75 184 35)}
{[75 45 35](150 184 35)}  {[75 45 35](0 184 70)}  {[75 45 35](75 184 70)}  {[75 45 35](150 184 70)}  {[75 45 35](0 184 105)}
{[75 45 35](75 184 105)}  {[75 45 35](150 184 105)}  {[75 45 35](0 184 140)}  {[75 45 35](75 184 140)}  {[75 45 35](150 184 140)}
{[75 45 35](0 184 175)}  {[75 45 35](75 184 175)}  {[75 45 35](150 184 175)}  {[75 45 35](226 64 0)}  {[75 45 35](226 109 0)}
{[75 45 35](226 154 0)}  {[75 45 35](226 64 35)}  {[75 45 35](226 64 70)}  {[75 45 35](226 64 105)}  {[75 45 35](226 64 140)}
{[75 45 35](226 64 175)}  {[75 45 35](226 109 35)}  {[75 45 35](226 109 70)}  {[75 45 35](226 109 105)}  {[75 45 35](226 109 140)}
{[92 64 33](318 0 0)}  {[92 64 33](318 0 33)}  {[92 64 33](318 0 66)}  {[92 64 33](318 0 99)}  {[92 64 33](318 0 132)}
{[92 64 33](318 0 165)}  {[92 64 33](318 64 0)}  {[92 64 33](318 128 0)}  {[92 64 33](318 64 33)}  {[92 64 33](318 128 33)}
{[92 64 33](318 64 66)}  {[92 64 33](318 64 99)}  {[92 64 33](318 64 132)}  {[92 64 33](318 64 165)}  {[92 64 33](318 128 66)}
{[92 64 33](318 128 99)}  {[119 59 39](410 0 0)}  {[119 59 39](410 0 39)}  {[119 59 39](410 0 78)}  {[119 59 39](410 0 117)}
{[119 59 39](410 0 156)}  {[119 59 39](410 59 0)}  {[119 59 39](410 59 39)}  {[119 59 39](410 59 78)}  {[119 59 39](410 59 117)}
{[119 59 39](410 59 156)}  {[119 59 39](410 118 0)}  {[119 59 39](410 118 39)}  {[119 59 39](410 118 78)}  {[119 59 39](410 118 117)}
{[119 59 39](410 118 156)}  {[54 52 49](318 128 132)}  {[54 52 49](410 177 0)}  {[54 52 49](410 177 49)}  {[54 52 49](410 177 98)}
{[54 52 49](410 177 147)}  {[54 52 49](464 177 0)}  {[54 52 49](464 177 49)}  {[54 52 49](464 177 98)}  {[54 52 49](464 177 147)}
{[54 52 49](529 0 0)}  {[54 52 49](529 0 49)}  {[54 52 49](529 0 98)}  {[54 52 49](529 0 147)}  {[54 52 49](529 52 0)}
{[54 52 49](529 52 49)}  {[54 52 49](529 52 98)}  {[54 52 49](529 52 147)}  {[54 52 49](529 104 0)}  {[57 33 29](226 109 175)}
{[57 33 29](226 199 0)}  {[57 33 29](226 199 29)}  {[57 33 29](226 199 58)}  {[57 33 29](226 199 87)}  {[57 33 29](226 199 116)}
{[57 33 29](226 199 145)}  {[57 33 29](226 199 174)}  {[57 33 29](226 154 35)}  {[57 33 29](226 154 64)}  {[57 33 29](226 154 93)}
{[57 33 29](226 154 122)}  {[57 33 29](226 154 151)}  {[57 33 29](226 154 180)}  {[57 33 29](318 192 0)}  {[57 33 29](318 192 29)}
{[57 33 29](318 192 58)}  {[57 33 29](318 192 87)}  {[57 33 29](318 192 116)}  {[57 33 29](318 192 145)}  {[57 33 29](318 192 174)}
{[52 37 28](318 128 181)}  {[52 37 28](529 104 49)}  {[52 37 28](529 104 77)}  {[52 37 28](529 104 105)}  {[52 37 28](529 104 133)}
{[52 37 28](529 104 161)}  {[52 37 28](529 104 189)}  {[52 37 28](529 156 0)}  {[52 37 28](529 156 28)}  {[52 37 28](529 156 56)}
{[52 37 28](529 156 84)}  {[52 37 28](529 156 112)}  {[52 37 28](529 156 140)}  {[52 37 28](529 156 168)}  {[52 37 28](529 193 0)}
{[52 37 28](529 193 28)}  {[52 37 28](529 193 56)}  {[52 37 28](529 193 84)}  {[52 37 28](529 193 112)}  {[52 37 28](529 193 140)}
{[52 37 28](529 193 168)}
E 4 _ 1
filling ratio: 0.8120200587445106
path:
{[103 76 64](0 0 0)}  {[103 76 64](0 0 64)}  {[103 76 64](0 0 128)}  {[103 76 64](0 76 0)}  {[103 76 64](0 152 0)}
{[103 76 64](0 76 64)}  {[103 76 64](0 152 64)}  {[103 76 64](0 76 128)}  {[103 76 64](0 152 128)}  {[103 76 64](103 0 0)}
{[103 76 64](103 0 64)}  {[95 70 62](103 0 128)}  {[95 70 62](103 76 0)}  {[95 70 62](103 146 0)}  {[95 70 62](103 76 62)}
{[95 70 62](103 146 62)}  {[95 70 62](103 76 124)}  {[95 70 62](103 146 124)}  {[95 70 62](206 0 0)}  {[95 70 62](206 0 62)}
{[95 70 62](206 0 124)}  {[95 70 62](206 70 0)}  {[95 70 62](206 140 0)}  {[95 70 62](206 70 62)}  {[95 70 62](206 140 62)}
{[111 49 26](301 0 0)}  {[111 49 26](301 0 26)}  {[111 49 26](301 0 52)}  {[111 49 26](301 0 78)}  {[111 49 26](301 0 104)}
{[111 49 26](301 0 130)}  {[111 49 26](301 0 156)}  {[111 49 26](301 0 182)}  {[111 49 26](301 49 0)}  {[111 49 26](301 98 0)}
{[111 49 26](301 147 0)}  {[111 49 26](301 49 26)}  {[111 49 26](301 98 26)}  {[85 84 72](206 70 124)}  {[85 84 72](301 49 52)}
{[85 84 72](301 49 124)}  {[85 84 72](412 0 0)}  {[85 84 72](412 0 72)}  {[85 84 72](412 0 144)}  {[85 84 72](412 84 0)}
{[85 84 72](412 84 72)}  {[85 84 72](412 84 144)}  {[85 84 72](497 0 0)}  {[85 84 72](497 0 72)}  {[85 84 72](497 0 144)}
{[85 84 72](497 84 0)}  {[85 84 72](497 84 72)}  {[85 84 72](497 84 144)}  {[90 43 33](103 76 186)}  {[90 43 33](206 0 186)}
{[90 43 33](103 119 186)}  {[90 43 33](103 162 186)}  {[90 43 33](301 147 26)}  {[90 43 33](301 147 59)}  {[90 43 33](301 147 92)}
{[90 43 33](301 147 125)}  {[71 48 47](206 154 124)}  {[71 48 47](206 154 171)}  {[71 48 47](412 168 0)}  {[71 48 47](412 168 47)}
{[71 48 47](412 168 94)}  {[71 48 47](412 168 141)}  {[71 48 47](483 168 0)}  {[71 48 47](483 168 47)}  {[71 48 47](483 168 94)}
{[71 48 47](483 168 141)}  {[49 25 21](206 43 186)}  {[49 25 21](412 168 188)}  {[49 25 21](461 168 188)}  {[49 25 21](206 70 196)}
{[49 25 21](206 95 196)}  {[49 25 21](206 120 196)}  {[49 25 21](301 49 196)}  {[49 25 21](301 74 196)}  {[49 25 21](301 99 196)}
{[49 25 21](103 0 190)}  {[49 25 21](103 25 190)}  {[49 25 21](0 0 192)}  {[49 25 21](301 147 158)}  {[48 36 31](301 196 0)}
{[48 36 31](301 196 31)}  {[48 36 31](301 196 62)}  {[48 36 31](301 196 93)}  {[48 36 31](301 196 124)}  {[48 36 31](301 196 155)}
{[48 36 31](301 196 186)}  {[48 36 31](349 196 0)}  {[48 36 31](349 196 31)}  {[48 36 31](349 196 62)}  {[48 36 31](349 196 93)}
{[48 36 31](349 196 124)}
E 4 _ 2
filling ratio: 0.8142568433898467
path:
{[97 81 27](0 0 0)}  {[97 81 27](0 0 27)}  {[97 81 27](0 0 54)}  {[97 81 27](0 0 81)}  {[97 81 27](0 0 108)}
{[97 81 27](0 0 135)}  {[97 81 27](0 0 162)}  {[97 81 27](0 0 189)}  {[102 78 39](97 0 0)}  {[102 78 39](97 0 39)}
{[102 78 39](97 0 78)}  {[102 78 39](97 0 117)}  {[102 78 39](97 0 156)}  {[102 78 39](97 78 0)}  {[102 78 39](97 78 39)}
{[102 78 39](97 78 78)}  {[102 78 39](97 78 117)}  {[102 78 39](97 78 156)}  {[102 78 39](199 0 0)}  {[102 78 39](199 0 39)}
{[102 78 39](199 0 78)}  {[102 78 39](199 0 117)}  {[102 78 39](199 0 156)}  {[102 78 39](199 78 0)}  {[101 30 26](97 156 0)}
{[101 30 26](97 186 0)}  {[101 30 26](97 156 26)}  {[101 30 26](97 186 26)}  {[101 30 26](97 156 52)}  {[101 30 26](97 186 52)}
{[101 30 26](97 156 78)}  {[101 30 26](97 186 78)}  {[101 30 26](97 156 104)}  {[101 30 26](97 186 104)}  {[101 30 26](97 156 130)}
{[101 30 26](97 186 130)}  {[101 30 26](97 156 156)}  {[101 30 26](97 186 156)}  {[101 30 26](97 156 182)}  {[101 30 26](97 186 182)}
{[101 30 26](199 78 39)}  {[101 30 26](199 108 39)}  {[103 63 58](198 156 0)}  {[103 63 58](198 156 58)}  {[103 63 58](198 156 116)}
{[103 63 58](301 0 0)}  {[103 63 58](301 0 58)}  {[103 63 58](301 0 116)}  {[103 63 58](301 63 0)}  {[103 63 58](301 126 0)}
{[103 63 58](301 63 58)}  {[103 63 58](301 63 116)}  {[103 63 58](301 126 58)}  {[103 63 58](301 126 116)}  {[106 61 56](404 0 0)}
{[106 61 56](404 0 56)}  {[106 61 56](404 0 112)}  {[106 61 56](404 61 0)}  {[106 61 56](404 122 0)}  {[106 61 56](404 61 56)}
{[106 61 56](404 61 112)}  {[106 61 56](404 122 56)}  {[106 61 56](404 122 112)}  {[100 56 35](198 156 174)}  {[100 56 35](301 0 174)}
{[100 56 35](404 0 168)}  {[100 56 35](199 78 65)}  {[100 56 35](301 56 174)}  {[100 56 35](301 112 174)}  {[100 56 35](404 56 168)}
{[100 56 35](404 112 168)}  {[100 56 35](199 78 100)}  {[100 56 35](199 78 135)}  {[100 56 35](199 78 170)}  {[91 50 40](404 183 0)}
{[91 50 40](404 183 40)}  {[91 50 40](404 183 80)}  {[91 50 40](404 183 120)}  {[91 50 40](404 183 160)}  {[91 50 40](0 81 0)}
{[91 50 40](0 81 40)}  {[91 50 40](0 81 80)}  {[91 50 40](0 81 120)}  {[91 50 40](0 81 160)}  {[91 50 40](0 131 0)}
{[91 50 40](0 131 40)}  {[91 50 40](0 131 80)}  {[91 50 40](0 131 120)}  {[75 57 41](510 0 0)}  {[75 57 41](510 0 41)}
{[75 57 41](510 0 82)}  {[75 57 41](510 0 123)}  {[75 57 41](510 0 164)}  {[75 57 41](510 57 0)}  {[75 57 41](510 57 41)}
{[75 57 41](510 57 82)}  {[75 57 41](510 57 123)}  {[75 57 41](510 57 164)}  {[75 57 41](510 114 0)}  {[75 57 41](510 114 41)}
{[75 57 41](510 114 82)}  {[66 50 42](0 131 160)}  {[66 50 42](510 114 123)}  {[66 50 42](510 114 165)}  {[66 50 42](510 171 0)}
{[66 50 42](510 171 42)}  {[66 50 42](510 171 84)}  {[66 50 42](510 171 126)}  {[66 50 42](510 171 168)}  {[66 50 42](0 181 0)}
{[66 50 42](0 181 42)}  {[66 50 42](0 181 84)}  {[66 50 42](0 181 126)}
E 4 _ 3
filling ratio: 0.8206038494337915
path:
{[75 75 36](0 0 0)}  {[75 75 36](0 0 36)}  {[75 75 36](0 0 72)}  {[75 75 36](0 0 108)}  {[75 75 36](0 0 144)}
{[75 75 36](0 0 180)}  {[75 75 36](0 75 0)}  {[75 75 36](0 150 0)}  {[94 88 50](75 0 0)}  {[94 88 50](75 0 50)}
{[94 88 50](75 0 100)}  {[94 88 50](75 0 150)}  {[94 88 50](75 88 0)}  {[94 88 50](75 88 50)}  {[94 88 50](75 88 100)}
{[94 88 50](75 88 150)}  {[94 88 50](169 0 0)}  {[94 88 50](169 0 50)}  {[94 88 50](169 0 100)}  {[94 88 50](169 0 150)}
{[86 84 45](169 88 0)}  {[86 84 45](169 88 45)}  {[86 84 45](169 88 90)}  {[86 84 45](169 88 135)}  {[86 84 45](263 0 0)}
{[86 84 45](263 0 45)}  {[86 84 45](263 0 90)}  {[86 84 45](263 0 135)}  {[86 84 45](263 84 0)}  {[86 84 45](263 84 45)}
{[86 84 45](263 84 90)}  {[86 84 45](263 84 135)}  {[86 84 45](349 0 0)}  {[86 84 45](349 0 45)}  {[86 84 45](349 0 90)}
{[86 84 45](349 0 135)}  {[86 84 45](349 84 0)}  {[86 84 45](349 84 45)}  {[69 63 46](349 84 90)}  {[69 63 46](349 84 136)}
{[69 63 46](0 75 36)}  {[69 63 46](0 138 36)}  {[69 63 46](0 75 82)}  {[69 63 46](0 138 82)}  {[69 63 46](0 75 128)}
{[69 63 46](0 75 174)}  {[69 63 46](0 138 128)}  {[69 63 46](0 138 174)}  {[69 63 46](263 168 0)}  {[69 63 46](263 168 46)}
{[69 63 46](263 168 92)}  {[78 73 40](169 88 180)}  {[78 73 40](263 0 180)}  {[78 73 40](349 0 180)}  {[78 73 40](263 73 180)}
{[78 73 40](435 0 0)}  {[78 73 40](435 0 40)}  {[78 73 40](435 0 80)}  {[78 73 40](435 0 120)}  {[78 73 40](435 0 160)}
{[78 73 40](435 73 0)}  {[72 67 56](435 73 40)}  {[72 67 56](435 73 96)}  {[72 67 56](435 73 152)}  {[72 67 56](435 146 0)}
{[72 67 56](435 146 56)}  {[72 67 56](435 146 112)}  {[72 67 56](513 0 0)}  {[72 67 56](513 0 56)}  {[72 67 56](513 0 112)}
{[72 67 56](513 67 0)}  {[71 61 52](435 146 168)}  {[71 61 52](513 0 168)}  {[71 61 52](513 67 56)}  {[71 61 52](513 67 108)}
{[71 61 52](513 67 160)}  {[71 61 52](169 172 0)}  {[71 61 52](169 172 52)}  {[71 61 52](169 172 104)}  {[71 61 52](169 172 156)}
{[71 61 52](332 168 0)}  {[71 61 52](332 168 52)}  {[71 61 52](332 168 104)}  {[71 61 52](332 168 156)}  {[71 61 52](513 134 0)}
{[71 61 52](513 134 52)}  {[71 61 52](513 134 104)}  {[81 45 34](75 176 0)}  {[81 45 34](75 176 34)}  {[81 45 34](75 176 68)}
{[81 45 34](75 176 102)}  {[81 45 34](75 176 136)}  {[81 45 34](75 176 170)}  {[65 51 50](513 134 156)}  {[65 51 50](263 168 138)}

E 4 _ 4
filling ratio: 0.8153070062034682
path:
{[54 52 49](0 0 0)}  {[54 52 49](0 0 49)}  {[54 52 49](0 0 98)}  {[54 52 49](0 0 147)}  {[54 52 49](0 52 0)}
{[54 52 49](0 104 0)}  {[54 52 49](0 156 0)}  {[54 52 49](0 52 49)}  {[54 52 49](0 104 49)}  {[54 52 49](0 156 49)}
{[54 52 49](0 52 98)}  {[54 52 49](0 104 98)}  {[54 52 49](0 156 98)}  {[116 49 47](54 0 0)}  {[116 49 47](54 0 47)}
{[116 49 47](54 0 94)}  {[116 49 47](54 0 141)}  {[116 49 47](54 49 0)}  {[116 49 47](54 98 0)}  {[116 49 47](54 147 0)}
{[116 49 47](54 49 47)}  {[116 49 47](54 49 94)}  {[116 49 47](54 49 141)}  {[116 49 47](54 98 47)}  {[116 49 47](54 98 94)}
{[116 49 47](54 98 141)}  {[116 49 47](54 147 47)}  {[116 49 47](54 147 94)}  {[116 49 47](54 147 141)}  {[116 49 47](170 0 0)}
{[116 49 47](170 0 47)}  {[116 49 47](170 0 94)}  {[116 49 47](170 0 141)}  {[116 49 47](170 49 0)}  {[116 49 47](170 98 0)}
{[113 92 33](170 49 47)}  {[113 92 33](170 49 80)}  {[113 92 33](170 49 113)}  {[113 92 33](170 49 146)}  {[113 92 33](170 49 179)}
{[113 92 33](286 0 0)}  {[113 92 33](286 0 33)}  {[113 92 33](286 0 66)}  {[113 92 33](286 0 99)}  {[113 92 33](286 0 132)}
{[113 92 33](286 0 165)}  {[113 92 33](286 92 0)}  {[113 92 33](286 92 33)}  {[113 92 33](286 92 66)}  {[113 92 33](286 92 99)}
{[57 33 29](54 0 188)}  {[57 33 29](170 0 188)}  {[57 33 29](227 0 188)}  {[57 33 29](111 0 188)}  {[57 33 29](54 33 188)}
{[57 33 29](111 33 188)}  {[57 33 29](54 66 188)}  {[57 33 29](54 99 188)}  {[57 33 29](54 132 188)}  {[57 33 29](111 66 188)}
{[57 33 29](111 99 188)}  {[57 33 29](111 132 188)}  {[57 33 29](286 92 132)}  {[57 33 29](286 92 161)}  {[57 33 29](286 92 190)}
{[57 33 29](286 125 132)}  {[57 33 29](286 125 161)}  {[79 68 44](170 147 0)}  {[79 68 44](170 147 44)}  {[79 68 44](170 147 88)}
{[79 68 44](170 147 132)}  {[79 68 44](170 147 176)}  {[79 68 44](399 0 0)}  {[79 68 44](399 0 44)}  {[79 68 44](399 0 88)}
{[79 68 44](399 0 132)}  {[79 68 44](399 0 176)}  {[79 68 44](399 68 0)}  {[79 68 44](399 68 44)}  {[79 68 44](399 68 88)}
{[99 37 30](54 196 0)}  {[99 37 30](54 196 30)}  {[99 37 30](54 196 60)}  {[99 37 30](54 196 90)}  {[99 37 30](54 196 120)}
{[99 37 30](54 196 150)}  {[99 37 30](54 196 180)}  {[99 37 30](286 184 0)}  {[99 37 30](286 184 30)}  {[99 37 30](286 184 60)}
{[99 37 30](286 184 90)}  {[99 37 30](286 184 120)}  {[99 37 30](286 184 150)}  {[99 37 30](286 184 180)}  {[99 37 30](478 0 0)}
{[99 37 30](478 0 30)}  {[99 37 30](478 0 60)}  {[99 37 30](478 0 90)}  {[99 37 30](478 0 120)}  {[52 37 28](0 52 147)}
{[92 64 33](478 37 0)}  {[92 64 33](478 37 33)}  {[92 64 33](478 37 66)}  {[92 64 33](478 37 99)}  {[92 64 33](478 37 132)}
{[92 64 33](478 37 165)}  {[92 64 33](478 101 0)}  {[92 64 33](478 165 0)}  {[92 64 33](478 101 33)}  {[92 64 33](478 165 33)}
{[92 64 33](478 101 66)}  {[92 64 33](478 165 66)}  {[92 64 33](478 101 99)}  {[75 45 35](399 68 132)}  {[75 45 35](399 68 167)}
{[75 45 35](478 165 99)}  {[75 45 35](478 165 134)}  {[75 45 35](478 165 169)}  {[75 45 35](478 101 132)}  {[75 45 35](478 101 167)}
{[75 45 35](399 136 0)}  {[75 45 35](399 136 35)}  {[75 45 35](399 136 70)}  {[75 45 35](399 136 105)}  {[75 45 35](399 136 140)}
{[75 45 35](399 136 175)}  {[75 45 35](399 181 0)}  {[75 45 35](399 181 35)}  {[75 45 35](399 181 70)}  {[75 45 35](399 181 105)}
{[75 45 35](399 181 140)}  {[75 45 35](399 181 175)}  {[52 37 28](0 52 175)}  {[52 37 28](478 0 150)}  {[52 37 28](478 0 178)}
{[52 37 28](0 89 147)}  {[52 37 28](0 126 147)}  {[52 37 28](0 163 147)}  {[52 37 28](0 89 175)}  {[52 37 28](0 126 175)}
{[52 37 28](0 163 175)}  {[52 37 28](343 92 132)}  {[52 37 28](343 92 160)}  {[52 37 28](343 92 188)}  {[52 37 28](343 129 132)}
{[52 37 28](343 129 160)}  {[52 37 28](343 129 188)}
E 4 _ 5
filling ratio: 0.8587986820704283
path:
{[64 58 52](0 0 0)}  {[64 58 52](0 0 52)}  {[64 58 52](0 0 104)}  {[64 58 52](0 0 156)}  {[64 58 52](0 58 0)}
{[64 58 52](0 116 0)}  {[64 58 52](0 174 0)}  {[64 58 52](0 58 52)}  {[64 58 52](0 116 52)}  {[64 58 52](0 174 52)}
{[64 58 52](0 58 104)}  {[64 58 52](0 116 104)}  {[64 58 52](0 174 104)}  {[64 58 52](0 58 156)}  {[76 57 36](64 0 0)}
{[76 57 36](64 0 36)}  {[76 57 36](64 0 72)}  {[76 57 36](64 0 108)}  {[76 57 36](64 0 144)}  {[76 57 36](64 0 180)}
{[76 57 36](64 57 0)}  {[76 57 36](64 114 0)}  {[76 57 36](64 171 0)}  {[76 57 36](64 57 36)}  {[76 57 36](64 114 36)}
{[76 57 36](64 171 36)}  {[76 57 36](64 57 72)}  {[76 57 36](64 114 72)}  {[109 73 23](140 0 0)}  {[109 73 23](140 0 23)}
{[109 73 23](140 0 46)}  {[109 73 23](140 0 69)}  {[109 73 23](140 0 92)}  {[109 73 23](140 0 115)}  {[109 73 23](140 0 138)}
{[109 73 23](140 0 161)}  {[109 73 23](140 0 184)}  {[109 73 23](140 73 0)}  {[109 73 23](140 146 0)}  {[109 73 23](140 73 23)}
{[109 73 23](140 146 23)}  {[109 73 23](140 73 46)}  {[109 73 23](140 146 46)}  {[109 73 23](140 73 69)}  {[109 73 23](140 146 69)}
{[109 73 23](140 73 92)}  {[118 79 51](249 0 0)}  {[118 79 51](249 0 51)}  {[118 79 51](249 0 102)}  {[118 79 51](249 0 153)}
{[118 79 51](249 79 0)}  {[118 79 51](249 79 51)}  {[118 79 51](249 79 102)}  {[118 79 51](249 79 153)}  {[118 79 51](367 0 0)}
{[118 79 51](367 0 51)}  {[118 79 51](367 0 102)}  {[118 79 51](367 0 153)}  {[118 79 51](367 79 0)}  {[118 79 51](367 79 51)}
{[118 79 51](367 79 102)}  {[118 79 51](367 79 153)}  {[86 32 31](140 146 92)}  {[86 32 31](140 178 92)}  {[86 32 31](140 146 123)}
{[86 32 31](140 178 123)}  {[84 70 35](140 73 115)}  {[84 70 35](140 73 150)}  {[84 70 35](140 73 185)}  {[84 70 35](249 158 0)}
{[86 32 31](140 146 154)}  {[86 32 31](140 178 154)}  {[64 55 43](0 116 156)}  {[64 55 43](0 171 156)}  {[64 55 43](64 171 72)}
{[64 55 43](64 171 115)}  {[64 55 43](64 171 158)}  {[64 55 43](64 57 108)}  {[64 55 43](64 112 108)}  {[64 55 43](64 57 151)}
{[64 55 43](64 112 151)}  {[64 55 43](333 158 0)}  {[64 55 43](333 158 43)}  {[64 55 43](333 158 86)}  {[64 55 43](333 158 129)}
{[64 55 43](333 158 172)}  {[84 70 35](249 158 35)}  {[84 70 35](249 158 70)}  {[84 70 35](249 158 105)}  {[86 32 31](140 146 185)}
{[95 60 55](485 0 0)}  {[95 60 55](485 0 55)}  {[95 60 55](485 0 110)}  {[95 60 55](485 0 165)}  {[95 60 55](485 60 0)}
{[95 60 55](485 60 55)}  {[95 60 55](485 60 110)}  {[95 60 55](485 60 165)}  {[95 60 55](485 120 0)}  {[95 60 55](485 120 55)}
{[95 60 55](485 120 110)}  {[95 60 55](485 120 165)}  {[80 66 52](249 158 140)}  {[80 66 52](397 158 0)}  {[80 66 52](397 158 52)}
{[80 66 52](397 158 104)}  {[80 66 52](397 158 156)}  {[86 32 31](140 178 185)}  {[42 42 32](485 180 0)}  {[42 42 32](485 180 32)}
{[42 42 32](485 180 64)}  {[42 42 32](485 180 96)}  {[42 42 32](485 180 128)}  {[42 42 32](485 180 160)}  {[42 42 32](527 180 0)}
{[42 42 32](527 180 32)}  {[42 42 32](527 180 64)}  {[42 42 32](527 180 96)}  {[42 42 32](527 180 128)}  {[42 42 32](527 180 160)}

E 5 _ 1
filling ratio: 0.8006582004026638
path:
{[60 60 38](0 0 0)}  {[60 60 38](0 0 38)}  {[60 60 38](0 0 76)}  {[60 60 38](0 0 114)}  {[60 60 38](0 0 152)}
{[60 60 38](0 60 0)}  {[60 60 38](0 120 0)}  {[98 73 44](60 0 0)}  {[98 73 44](60 0 44)}  {[98 73 44](60 0 88)}
{[98 73 44](60 0 132)}  {[98 73 44](60 0 176)}  {[98 73 44](60 73 0)}  {[103 78 55](158 0 0)}  {[103 78 55](158 0 55)}
{[103 78 55](158 0 110)}  {[103 78 55](158 0 165)}  {[103 78 55](158 78 0)}  {[103 78 55](158 78 55)}  {[106 76 55](261 0 0)}
{[106 76 55](261 0 55)}  {[106 76 55](261 0 110)}  {[106 76 55](261 0 165)}  {[106 76 55](261 76 0)}  {[106 76 55](261 76 55)}
{[106 76 55](261 76 110)}  {[106 76 55](261 76 165)}  {[106 76 55](261 152 0)}  {[106 76 55](261 152 55)}  {[81 39 24](158 78 110)}
{[93 66 55](261 152 110)}  {[93 66 55](261 152 165)}  {[93 66 55](158 156 0)}  {[93 66 55](158 156 55)}  {[93 66 55](158 156 110)}
{[93 66 55](158 156 165)}  {[55 44 36](0 180 0)}  {[55 44 36](0 180 36)}  {[55 44 36](0 180 72)}  {[55 44 36](0 180 108)}
{[55 44 36](0 180 144)}  {[114 97 69](367 0 0)}  {[114 97 69](367 0 69)}  {[114 97 69](367 0 138)}  {[114 97 69](367 97 0)}
{[114 97 69](367 97 69)}  {[105 73 60](367 97 138)}  {[105 73 60](481 0 0)}  {[105 73 60](481 0 60)}  {[105 73 60](481 0 120)}
{[105 73 60](481 73 0)}  {[105 73 60](481 73 60)}  {[105 73 60](481 73 120)}  {[105 73 60](481 146 0)}  {[105 73 60](481 146 60)}
{[105 73 60](481 146 120)}  {[71 65 39](481 0 180)}  {[71 65 39](481 65 180)}  {[71 65 39](481 130 180)}  {[71 65 39](60 146 0)}
{[71 65 39](60 146 39)}  {[71 65 39](60 146 78)}  {[71 65 39](60 146 117)}  {[71 65 39](60 146 156)}  {[71 65 39](60 73 44)}
{[71 65 39](60 73 83)}  {[71 65 39](60 73 122)}  {[81 39 24](158 117 110)}  {[81 39 24](158 78 134)}  {[81 39 24](158 117 134)}
{[81 39 24](158 78 158)}  {[81 39 24](158 117 158)}  {[81 39 24](158 78 182)}  {[81 39 24](158 117 182)}  {[55 44 36](0 180 180)}
{[55 44 36](60 73 161)}  {[55 44 36](0 60 38)}  {[55 44 36](0 104 38)}  {[55 44 36](0 60 74)}  {[55 44 36](0 104 74)}
{[55 44 36](0 60 110)}  {[66 58 24](60 146 195)}
E 5 _ 2
filling ratio: 0.7862236545360161
path:
{[108 76 30](0 0 0)}  {[108 76 30](0 0 30)}  {[108 76 30](0 0 60)}  {[108 76 30](0 0 90)}  {[108 76 30](0 0 120)}
{[108 76 30](0 0 150)}  {[98 72 46](0 76 0)}  {[108 76 30](0 0 180)}  {[108 76 30](108 0 0)}  {[108 76 30](108 0 30)}
{[111 70 48](216 0 0)}  {[110 43 25](216 0 48)}  {[110 43 25](216 0 73)}  {[110 43 25](216 0 98)}  {[120 99 73](327 0 0)}
{[120 99 73](327 0 73)}  {[120 99 73](327 0 146)}  {[120 99 73](327 99 0)}  {[120 99 73](327 99 73)}  {[110 43 25](216 0 123)}
{[110 43 25](216 0 148)}  {[110 43 25](216 0 173)}  {[110 43 25](327 99 146)}  {[110 43 25](327 142 146)}  {[110 43 25](327 99 171)}
{[110 43 25](327 142 171)}  {[95 66 31](108 0 60)}  {[95 66 31](108 0 91)}  {[81 33 28](108 0 122)}  {[81 33 28](108 33 122)}
{[111 70 48](216 70 0)}  {[81 33 28](108 0 150)}  {[81 33 28](108 0 178)}  {[81 33 28](108 33 150)}  {[81 33 28](108 33 178)}
{[81 33 28](327 198 0)}  {[111 70 48](216 70 48)}  {[98 72 46](0 148 0)}  {[98 72 46](0 76 46)}  {[111 70 48](216 70 96)}
{[95 66 31](216 70 144)}  {[98 72 46](0 76 92)}  {[98 72 46](0 76 138)}  {[95 27 26](0 76 184)}  {[95 27 26](0 103 184)}
{[95 27 26](216 70 175)}  {[111 70 48](216 140 0)}  {[111 70 48](216 140 48)}  {[111 70 48](216 140 96)}  {[111 70 48](216 140 144)}
{[111 70 48](447 0 0)}  {[111 70 48](447 0 48)}  {[111 70 48](447 0 96)}  {[111 70 48](447 0 144)}  {[108 76 30](108 76 0)}
{[108 76 30](108 152 0)}  {[108 76 30](108 76 30)}  {[110 43 25](216 140 192)}  {[110 43 25](447 0 192)}  {[95 27 26](216 183 192)}
{[95 27 26](447 43 192)}  {[95 27 26](216 97 175)}  {[95 27 26](216 43 48)}  {[95 27 26](216 43 74)}  {[95 27 26](216 43 100)}
{[95 27 26](216 43 126)}  {[98 72 46](0 148 46)}  {[97 67 62](0 148 92)}  {[97 67 62](0 148 154)}  {[97 67 62](108 152 30)}
{[97 67 62](108 152 92)}  {[97 67 62](108 152 154)}  {[36 34 25](408 198 0)}  {[98 72 46](108 76 60)}  {[98 72 46](108 76 106)}
{[98 72 46](108 76 152)}  {[97 67 62](447 70 0)}  {[97 67 62](447 70 62)}  {[94 81 44](447 137 0)}  {[94 81 44](447 137 44)}
{[94 81 44](447 137 88)}  {[94 81 44](447 137 132)}  {[94 81 44](447 137 176)}  {[81 33 28](327 198 28)}  {[81 33 28](327 198 56)}
{[95 66 31](447 70 124)}  {[95 66 31](447 70 155)}  {[95 66 31](447 70 186)}  {[36 34 25](408 198 25)}  {[36 34 25](408 198 50)}
{[36 34 25](408 198 75)}  {[36 34 25](408 198 100)}  {[36 34 25](408 198 125)}  {[36 34 25](408 198 150)}  {[36 34 25](408 198 175)}
{[33 25 23](327 99 196)}  {[33 25 23](360 99 196)}  {[33 25 23](393 99 196)}  {[33 25 23](327 124 196)}  {[33 25 23](360 124 196)}
{[33 25 23](393 124 196)}  {[33 25 23](327 149 196)}  {[71 32 25](327 198 84)}  {[71 32 25](327 198 109)}  {[71 32 25](327 198 134)}

E 5 _ 3
filling ratio: 0.7909596066683461
path:
{[90 43 33](0 0 0)}  {[90 43 33](0 0 33)}  {[90 43 33](0 0 66)}  {[90 43 33](0 0 99)}  {[90 43 33](0 0 132)}
{[90 43 33](0 0 165)}  {[90 43 33](0 43 0)}  {[90 43 33](0 86 0)}  {[90 43 33](0 129 0)}  {[85 84 72](0 43 33)}
{[85 84 72](0 43 105)}  {[85 84 72](90 0 0)}  {[85 84 72](90 0 72)}  {[85 84 72](90 0 144)}  {[85 84 72](90 84 0)}
{[85 84 72](90 84 72)}  {[85 84 72](90 84 144)}  {[85 84 72](175 0 0)}  {[85 84 72](175 0 72)}  {[75 75 63](175 0 144)}
{[75 75 63](175 84 0)}  {[75 75 63](175 84 63)}  {[75 75 63](175 84 126)}  {[75 75 63](260 0 0)}  {[75 75 63](260 0 63)}
{[75 75 63](260 0 126)}  {[75 75 63](260 75 0)}  {[75 75 63](260 75 63)}  {[75 75 63](260 75 126)}  {[75 75 63](260 150 0)}
{[73 37 23](175 84 189)}  {[73 37 23](175 121 189)}  {[73 37 23](260 0 189)}  {[73 37 23](260 37 189)}  {[73 37 23](260 74 189)}
{[73 37 23](260 111 189)}  {[73 37 23](0 43 177)}  {[73 37 23](0 80 177)}  {[73 37 23](0 127 33)}  {[73 37 23](0 127 56)}
{[71 48 47](260 150 63)}  {[71 48 47](260 150 110)}  {[71 48 47](260 150 157)}  {[71 48 47](0 172 0)}  {[71 48 47](0 172 47)}
{[71 48 47](0 172 94)}  {[71 48 47](0 172 141)}  {[71 48 47](90 168 0)}  {[71 48 47](90 168 47)}  {[71 48 47](90 168 94)}
{[71 48 47](90 168 141)}  {[71 48 47](175 159 0)}  {[71 48 47](175 159 47)}  {[71 48 47](175 159 94)}  {[61 48 39](175 159 141)}
{[61 48 39](175 159 180)}  {[61 48 39](335 0 0)}  {[61 48 39](335 0 39)}  {[61 48 39](335 0 78)}  {[61 48 39](335 0 117)}
{[61 48 39](335 0 156)}  {[61 48 39](335 48 0)}  {[61 48 39](335 96 0)}  {[61 48 39](335 144 0)}  {[61 48 39](335 48 39)}
{[61 48 39](335 48 78)}  {[61 48 39](335 48 117)}  {[61 48 39](335 48 156)}  {[86 76 38](396 0 0)}  {[86 76 38](396 0 38)}
{[86 76 38](396 0 76)}  {[86 76 38](396 0 114)}  {[86 76 38](396 0 152)}  {[86 76 38](396 76 0)}  {[86 76 38](396 152 0)}
{[86 76 38](396 76 38)}  {[86 76 38](396 76 76)}  {[86 76 38](396 76 114)}  {[86 76 38](396 76 152)}  {[86 76 38](396 152 38)}
{[49 25 21](335 0 195)}  {[49 25 21](0 0 198)}  {[49 25 21](335 25 195)}  {[49 25 21](335 50 195)}  {[49 25 21](0 172 188)}
{[49 25 21](90 168 188)}  {[49 25 21](396 0 190)}  {[49 25 21](396 25 190)}  {[49 25 21](396 50 190)}  {[49 25 21](396 75 190)}
{[49 25 21](396 100 190)}  {[49 25 21](396 125 190)}  {[49 25 21](260 198 63)}  {[103 76 64](482 0 0)}  {[103 76 64](482 0 64)}
{[103 76 64](482 0 128)}  {[103 76 64](482 76 0)}  {[103 76 64](482 76 64)}  {[103 76 64](482 76 128)}  {[103 76 64](482 152 0)}
{[103 76 64](482 152 64)}  {[95 70 62](482 152 128)}  {[60 51 41](396 152 76)}  {[60 51 41](396 152 117)}  {[60 51 41](396 152 158)}
{[60 51 41](335 96 39)}  {[60 51 41](335 96 80)}  {[60 51 41](335 96 121)}  {[60 51 41](335 96 162)}  {[48 36 31](0 127 79)}
{[48 36 31](0 127 110)}  {[48 36 31](0 127 141)}  {[48 36 31](0 127 172)}  {[48 36 31](335 147 39)}  {[48 36 31](335 147 70)}
{[48 36 31](335 147 101)}  {[48 36 31](335 147 132)}  {[48 36 31](335 147 163)}  {[48 36 31](335 192 0)}
E 5 _ 4
filling ratio: 0.7671850624899882
path:
{[75 57 41](0 0 0)}  {[75 57 41](0 0 41)}  {[75 57 41](0 0 82)}  {[75 57 41](0 0 123)}  {[75 57 41](0 0 164)}
{[75 57 41](0 57 0)}  {[75 57 41](0 114 0)}  {[75 57 41](0 171 0)}  {[75 57 41](0 57 41)}  {[75 57 41](0 114 41)}
{[75 57 41](0 171 41)}  {[85 67 39](75 0 0)}  {[85 67 39](75 0 39)}  {[85 67 39](75 0 78)}  {[85 67 39](75 0 117)}
{[85 67 39](75 0 156)}  {[85 67 39](75 67 0)}  {[85 67 39](75 134 0)}  {[85 67 39](75 67 39)}  {[85 67 39](75 134 39)}
{[85 67 39](75 67 78)}  {[85 67 39](75 67 117)}  {[85 67 39](75 67 156)}  {[85 67 39](75 134 78)}  {[85 67 39](75 134 117)}
{[61 48 30](75 134 156)}  {[61 48 30](75 134 186)}  {[61 48 30](0 57 82)}  {[61 48 30](0 57 112)}  {[61 48 30](0 57 142)}
{[61 48 30](0 57 172)}  {[61 48 30](0 105 82)}  {[61 48 30](0 105 112)}  {[61 48 30](0 105 142)}  {[61 48 30](0 105 172)}
{[61 48 30](0 153 82)}  {[97 63 56](160 0 0)}  {[97 63 56](160 0 56)}  {[97 63 56](160 0 112)}  {[97 63 56](160 63 0)}
{[97 63 56](160 126 0)}  {[97 63 56](160 63 56)}  {[97 63 56](160 63 112)}  {[97 63 56](160 126 56)}  {[97 63 56](160 126 112)}
{[106 61 56](257 0 0)}  {[106 61 56](257 0 56)}  {[106 61 56](257 0 112)}  {[106 61 56](257 61 0)}  {[106 61 56](257 122 0)}
{[106 61 56](257 61 56)}  {[106 61 56](257 61 112)}  {[106 61 56](257 122 56)}  {[106 61 56](257 122 112)}  {[106 61 56](363 0 0)}
{[100 56 35](257 0 168)}  {[100 56 35](257 56 168)}  {[100 56 35](257 112 168)}  {[100 56 35](363 0 56)}  {[100 56 35](363 0 91)}
{[100 56 35](363 0 126)}  {[100 56 35](363 0 161)}  {[91 50 40](160 0 168)}  {[91 50 40](160 50 168)}  {[91 50 40](160 100 168)}
{[91 50 40](257 183 0)}  {[91 50 40](257 183 40)}  {[91 50 40](257 183 80)}  {[91 50 40](257 183 120)}  {[91 50 40](257 183 160)}
{[91 50 40](363 61 0)}  {[91 50 40](363 61 40)}  {[91 50 40](363 61 80)}  {[91 50 40](363 61 120)}  {[113 46 36](469 0 0)}
{[113 46 36](469 0 36)}  {[113 46 36](469 0 72)}  {[113 46 36](469 0 108)}  {[113 46 36](469 0 144)}  {[113 46 36](469 0 180)}
{[113 46 36](469 46 0)}  {[113 46 36](469 46 36)}  {[113 46 36](469 46 72)}  {[113 46 36](469 46 108)}  {[113 46 36](469 46 144)}
{[113 46 36](469 46 180)}  {[113 46 36](469 92 0)}  {[113 46 36](469 138 0)}  {[113 46 36](469 184 0)}  {[103 63 58](469 92 36)}
{[103 63 58](469 92 94)}  {[103 63 58](469 92 152)}  {[103 63 58](469 155 36)}  {[103 63 58](469 155 94)}  {[103 63 58](469 155 152)}
{[71 68 64](363 111 0)}  {[71 68 64](363 111 64)}  {[71 68 64](363 111 128)}  {[66 50 42](363 61 160)}  {[66 50 42](363 179 0)}
{[66 50 42](363 179 42)}  {[66 50 42](363 179 84)}  {[66 50 42](363 179 126)}  {[66 50 42](363 179 168)}
E 5 _ 5
filling ratio: 0.810885813778971
path:
{[57 33 29](0 0 0)}  {[57 33 29](0 0 29)}  {[57 33 29](0 0 58)}  {[57 33 29](0 0 87)}  {[57 33 29](0 0 116)}
{[119 59 39](57 0 0)}  {[119 59 39](57 0 39)}  {[119 59 39](57 0 78)}  {[119 59 39](57 0 117)}  {[119 59 39](57 0 156)}
{[119 59 39](57 59 0)}  {[119 59 39](57 59 39)}  {[119 59 39](57 59 78)}  {[119 59 39](57 59 117)}  {[119 59 39](57 59 156)}
{[119 59 39](57 118 0)}  {[119 59 39](57 118 39)}  {[113 92 33](176 0 0)}  {[113 92 33](176 0 33)}  {[113 92 33](176 0 66)}
{[113 92 33](176 0 99)}  {[113 92 33](176 0 132)}  {[113 92 33](176 0 165)}  {[113 92 33](176 92 0)}  {[113 92 33](176 92 33)}
{[98 96 56](289 0 0)}  {[98 96 56](289 0 56)}  {[98 96 56](289 0 112)}  {[98 96 56](289 96 0)}  {[98 96 56](289 96 56)}
{[98 96 56](289 96 112)}  {[98 96 56](387 0 0)}  {[98 96 56](387 0 56)}  {[98 96 56](387 0 112)}  {[98 96 56](387 96 0)}
{[78 72 57](387 96 56)}  {[78 72 57](387 96 113)}  {[116 49 47](57 118 78)}  {[116 49 47](57 118 125)}  {[116 49 47](57 118 172)}
{[116 49 47](57 177 0)}  {[116 49 47](57 177 47)}  {[116 49 47](57 177 94)}  {[116 49 47](57 177 141)}  {[98 88 47](289 0 168)}
{[98 88 47](387 0 168)}  {[98 88 47](289 88 168)}  {[98 88 47](176 92 66)}  {[98 88 47](176 92 113)}  {[98 88 47](176 92 160)}
{[98 88 47](485 0 0)}  {[98 88 47](485 0 47)}  {[98 88 47](485 0 94)}  {[78 72 57](485 0 141)}  {[41 33 31](0 0 145)}
{[41 33 31](0 0 176)}  {[41 33 31](57 177 188)}  {[41 33 31](98 177 188)}  {[41 33 31](387 96 170)}  {[41 33 31](387 129 170)}
{[41 33 31](289 192 0)}  {[41 33 31](289 192 31)}  {[54 52 49](0 33 0)}  {[54 52 49](0 33 49)}  {[54 52 49](0 33 98)}
{[54 52 49](0 33 147)}  {[54 52 49](0 85 0)}  {[54 52 49](0 137 0)}  {[54 52 49](0 85 49)}  {[54 52 49](0 137 49)}
{[83 44 23](57 0 195)}  {[83 44 23](57 44 195)}  {[83 44 23](176 184 0)}  {[83 44 23](176 184 23)}  {[83 44 23](176 184 46)}
{[83 44 23](176 184 69)}  {[83 44 23](176 184 92)}  {[83 44 23](176 184 115)}  {[83 44 23](176 184 138)}  {[83 44 23](176 184 161)}
{[83 44 23](176 184 184)}  {[52 37 28](0 85 98)}  {[52 37 28](0 85 126)}  {[52 37 28](0 85 154)}  {[52 37 28](0 85 182)}
{[52 37 28](0 122 98)}  {[52 37 28](0 122 126)}  {[52 37 28](0 122 154)}  {[52 37 28](0 122 182)}  {[52 37 28](0 189 0)}
{[52 37 28](0 189 28)}  {[52 37 28](0 189 56)}  {[52 37 28](0 189 84)}  {[79 68 44](485 88 0)}  {[79 68 44](485 156 0)}
{[79 68 44](485 88 44)}  {[79 68 44](485 156 44)}  {[79 68 44](485 88 88)}  {[79 68 44](485 156 88)}  {[79 68 44](485 88 132)}
{[79 68 44](485 156 132)}  {[79 68 44](485 88 176)}  {[79 68 44](485 156 176)}  {[41 33 31](0 189 112)}  {[41 33 31](0 189 143)}
{[41 33 31](0 189 174)}  {[41 33 31](289 192 62)}  {[41 33 31](289 192 93)}  {[99 37 30](330 192 0)}  {[99 37 30](330 192 30)}
{[99 37 30](330 192 60)}  {[99 37 30](330 192 90)}  {[99 37 30](330 192 120)}  {[99 37 30](330 192 150)}  {[99 37 30](330 192 180)}
