 5
 1 2502505
 587 233 220
 5
 1 108 1 76 1 30 1 24
 2 110 1 43 1 25 1 7
 3 92 1 81 1 55 1 22
 4 81 1 33 1 28 1 13
 5 120 1 99 1 73 1 15
 2 2502605
 587 233 220
 5
 1 49 1 25 1 21 1 22
 2 60 1 51 1 41 1 22
 3 103 1 76 1 64 1 28
 4 95 1 70 1 62 1 25
 5 111 1 49 1 26 1 17
 3 2502905
 587 233 220
 5
 1 88 1 54 1 39 1 25
 2 94 1 54 1 36 1 27
 3 87 1 77 1 43 1 21
 4 100 1 80 1 72 1 20
 5 83 1 40 1 36 1 24
 4 2503305
 587 233 220
 5
 1 90 1 70 1 63 1 16
 2 84 1 78 1 28 1 28
 3 94 1 85 1 39 1 20
 4 80 1 76 1 54 1 23
 5 69 1 50 1 45 1 31
 5 2503505
 587 233 220
 5
 1 74 1 63 1 61 1 22
 2 71 1 60 1 25 1 12
 3 106 1 80 1 59 1 25
 4 109 1 76 1 42 1 24
 5 118 1 56 1 22 1 11
