 5
 1 2502505
 587 233 220
 8
 1 108 1 76 1 30 1 24
 2 110 1 43 1 25 1 9
 3 92 1 81 1 55 1 8
 4 81 1 33 1 28 1 11
 5 120 1 99 1 73 1 11
 6 111 1 70 1 48 1 10
 7 98 1 72 1 46 1 12
 8 95 1 66 1 31 1 9
 2 2502705
 587 233 220
 8
 1 97 1 81 1 27 1 10
 2 102 1 78 1 39 1 20
 3 113 1 46 1 36 1 18
 4 66 1 50 1 42 1 21
 5 101 1 30 1 26 1 16
 6 100 1 56 1 35 1 17
 7 91 1 50 1 40 1 22
 8 106 1 61 1 56 1 19
 3 2502905
 587 233 220
 8
 1 88 1 54 1 39 1 16
 2 94 1 54 1 36 1 14
 3 87 1 77 1 43 1 20
 4 100 1 80 1 72 1 16
 5 83 1 40 1 36 1 6
 6 91 1 54 1 22 1 15
 7 109 1 58 1 54 1 17
 8 94 1 55 1 30 1 9
 4 2502805
 587 233 220
 8
 1 49 1 25 1 21 1 16
 2 60 1 51 1 41 1 8
 3 103 1 76 1 64 1 16
 4 95 1 70 1 62 1 18
 5 111 1 49 1 26 1 18
 6 85 1 84 1 72 1 16
 7 48 1 36 1 31 1 17
 8 86 1 76 1 38 1 6
 5 2502905
 587 233 220
 8
 1 113 1 92 1 33 1 23
 2 52 1 37 1 28 1 22
 3 57 1 33 1 29 1 26
 4 99 1 37 1 30 1 17
 5 92 1 64 1 33 1 23
 6 119 1 59 0 39 1 26
 7 54 1 52 1 49 1 18
 8 75 1 45 1 35 1 30