 5
 1 2502605
 587 233 220
 10
 1 49 1 25 1 21 1 13
 2 60 1 51 1 41 1 9
 3 103 1 76 1 64 1 11
 4 95 1 70 1 62 1 14
 5 111 1 49 1 26 1 13
 6 85 1 84 1 72 1 16
 7 48 1 36 1 31 1 12
 8 86 1 76 1 38 1 11
 9 71 1 48 1 47 1 16
 10 90 1 43 1 33 1 8
 2 2502705
 587 233 220
 10
 1 97 1 81 1 27 1 8
 2 102 1 78 1 39 1 16
 3 113 1 46 1 36 1 12
 4 66 1 50 1 42 1 12
 5 101 1 30 1 26 1 18
 6 100 1 56 1 35 1 13
 7 91 1 50 1 40 1 14
 8 106 1 61 1 56 1 17
 9 103 1 63 1 58 1 12
 10 75 1 57 1 41 1 13
 3 2503005
 587 233 220
 10
 1 86 1 84 1 45 1 18
 2 81 1 45 1 34 1 19
 3 70 1 54 1 37 1 13
 4 71 1 61 1 52 1 16
 5 78 1 73 1 40 1 10
 6 69 1 63 1 46 1 13
 7 72 1 67 1 56 1 10
 8 75 1 75 1 36 1 8
 9 94 1 88 1 50 1 12
 10 65 1 51 1 50 1 13
 4 2502805
 587 233 220
 10
 1 113 1 92 1 33 1 15
 2 52 1 37 1 28 1 17
 3 57 1 33 1 29 1 17
 4 99 1 37 1 30 1 19
 5 92 1 64 1 33 1 13
 6 119 1 59 1 39 1 19
 7 54 1 52 1 49 1 13
 8 75 1 45 1 35 1 21
 9 79 1 68 1 44 1 13
 10 116 1 49 1 47 1 22
 5 2503105
 587 233 220
 10
 1 118 1 79 1 51 1 16
 2 86 1 32 1 31 1 8
 3 64 1 58 1 52 1 14
 4 42 1 42 1 32 1 14
 5 64 1 55 1 43 1 16
 6 84 1 70 1 35 1 10
 7 76 1 57 1 36 1 14
 8 95 1 60 1 55 1 14
 9 80 1 66 1 52 1 14
 10 109 1 73 1 23 1 18