 5
 1 2506105
 587 233 220
 15
 1 98 1 73 1 44 1 6
 2 60 1 60 1 38 1 7
 3 105 1 73 1 60 1 10
 4 90 1 77 1 52 1 3
 5 66 1 58 0 24 1 5
 6 106 1 76 1 55 1 10
 7 55 1 44 1 36 1 12
 8 82 1 58 1 23 1 7
 9 74 1 61 1 58 1 6
 10 81 1 39 1 24 1 8
 11 71 1 65 1 39 1 11
 12 105 1 97 1 47 1 4
 13 114 1 97 1 69 1 5
 14 103 1 78 1 55 1 6
 15 93 1 66 1 55 1 6
 2 2502605
 587 233 220
 15
 1 108 1 76 1 30 1 12
 2 110 1 43 1 25 1 12
 3 92 1 81 1 55 1 6
 4 81 1 33 1 28 1 9
 5 120 1 99 1 73 1 5
 6 110 1 70 1 48 1 12
 7 98 1 72 1 46 1 9
 8 95 1 66 1 31 1 10
 9 85 1 84 1 30 1 8
 10 71 1 32 1 25 1 3
 11 36 1 34 1 25 1 10
 12 97 1 67 1 62 1 7
 13 33 1 25 1 23 1 7
 14 95 1 27 1 26 1 10
 15 94 1 81 1 44 1 9
 3 2502705
 587 233 220
 15
 1 49 1 25 0 21 1 13
 2 60 1 51 0 41 1 9
 3 103 1 76 1 64 1 8
 4 95 1 70 1 62 1 6
 5 111 1 49 1 26 1 10
 6 74 1 42 1 40 1 4
 7 85 1 84 1 72 1 10
 8 48 1 36 1 31 1 10
 9 86 1 76 1 38 1 12
 10 71 1 48 1 47 1 14
 11 90 1 43 1 33 1 9
 12 98 1 52 1 44 1 9
 13 73 1 37 1 23 1 10
 14 61 1 48 1 39 1 14
 15 75 1 75 1 63 1 11
 4 2502805
 587 233 220
 15
 1 97 1 81 1 27 1 6
 2 102 1 78 1 39 1 6
 3 113 1 46 1 36 1 15
 4 66 1 50 1 42 1 8
 5 101 1 30 1 26 1 6
 6 100 1 56 1 35 1 7
 7 91 1 50 1 40 1 12
 8 106 1 61 1 56 1 10
 9 103 1 63 1 58 1 8
 10 75 1 57 1 41 1 11
 11 71 1 68 1 64 1 6
 12 85 1 67 1 39 1 14
 13 97 1 63 1 56 1 9
 14 61 1 48 1 30 1 11
 15 80 1 54 1 35 1 9
 5 2502905
 587 233 220
 15
 1 113 1 92 1 33 1 8
 2 52 1 37 1 28 1 12
 3 57 1 33 1 29 1 5
 4 99 1 37 1 30 1 12
 5 92 1 64 1 33 1 9
 6 119 1 59 1 39 1 12
 7 54 1 52 1 49 1 8
 8 75 1 45 1 35 1 6
 9 79 1 68 1 44 1 12
 10 116 1 49 1 47 1 9
 11 83 1 44 1 23 1 11
 12 98 1 96 1 56 1 10
 13 78 1 72 1 57 1 8
 14 98 1 88 1 47 1 9
 15 41 1 33 1 31 1 13