Cube:(1.08, 0.76, 0.3) pos:(0.0, 0.0, 0.0)
Cube:(1.08, 0.76, 0.3) pos:(0.0, 0.0, 0.3)
Cube:(1.08, 0.76, 0.3) pos:(0.0, 0.0, 0.6)
Cube:(1.08, 0.76, 0.3) pos:(0.0, 0.0, 0.9)
Cube:(1.08, 0.76, 0.3) pos:(0.0, 0.0, 1.2)
Cube:(1.08, 0.76, 0.3) pos:(0.0, 0.0, 1.5)
Cube:(1.08, 0.76, 0.3) pos:(0.0, 0.0, 1.8)
Cube:(1.08, 0.76, 0.3) pos:(0.04, 0.76, 0.0)
Cube:(1.08, 0.76, 0.3) pos:(0.09, 0.76, 0.3)
Cube:(1.08, 0.76, 0.3) pos:(0.13, 0.76, 0.6)
Cube:(1.08, 0.76, 0.3) pos:(0.18, 0.76, 0.9)
Cube:(1.08, 0.76, 0.3) pos:(0.23, 0.76, 1.2)
Cube:(1.08, 0.76, 0.3) pos:(0.28, 0.76, 1.5)
Cube:(1.08, 0.76, 0.3) pos:(0.33, 0.76, 1.8)
Cube:(1.08, 0.76, 0.3) pos:(0.37, 1.52, 0.0)
Cube:(1.08, 0.76, 0.3) pos:(0.42, 1.52, 0.3)
Cube:(1.08, 0.76, 0.3) pos:(0.47, 1.52, 0.6)
Cube:(1.08, 0.76, 0.3) pos:(0.52, 1.52, 0.9)
Cube:(1.08, 0.76, 0.3) pos:(0.57, 1.52, 1.2)
Cube:(1.08, 0.76, 0.3) pos:(0.61, 1.52, 1.5)
Cube:(1.08, 0.76, 0.3) pos:(0.66, 1.52, 1.8)
Cube:(1.08, 0.76, 0.3) pos:(1.08, 0.0, 0.0)
Cube:(1.08, 0.76, 0.3) pos:(1.08, 0.0, 0.3)
Cube:(1.08, 0.76, 0.3) pos:(1.08, 0.0, 0.6)
Cube:(1.08, 0.76, 0.3) pos:(1.08, 0.0, 0.9)
Cube:(1.08, 0.76, 0.3) pos:(1.08, 0.0, 1.2)
Cube:(1.08, 0.76, 0.3) pos:(1.08, 0.0, 1.5)
Cube:(1.08, 0.76, 0.3) pos:(1.08, 0.0, 1.8)
Cube:(1.08, 0.76, 0.3) pos:(1.12, 0.76, 1.8)
Cube:(1.08, 0.76, 0.3) pos:(1.17, 0.76, 1.8)
Cube:(1.08, 0.76, 0.3) pos:(1.21, 0.76, 1.8)
Cube:(1.08, 0.76, 0.3) pos:(1.26, 0.76, 1.8)
Cube:(1.08, 0.76, 0.3) pos:(1.31, 0.76, 1.8)
Cube:(1.08, 0.76, 0.3) pos:(1.36, 0.76, 1.8)
Cube:(1.08, 0.76, 0.3) pos:(1.41, 0.76, 1.8)
Cube:(1.08, 0.76, 0.3) pos:(1.45, 1.52, 1.8)
Cube:(1.08, 0.76, 0.3) pos:(1.5, 1.52, 1.8)
Cube:(1.08, 0.76, 0.3) pos:(1.55, 1.52, 1.8)
Cube:(1.08, 0.76, 0.3) pos:(1.6, 1.52, 1.8)
Cube:(1.08, 0.76, 0.3) pos:(1.65, 1.52, 1.8)
Cube:(1.1, 0.43, 0.25) pos:(1.69, 1.52, 1.8)
Cube:(1.1, 0.43, 0.25) pos:(1.74, 1.52, 1.75)
Cube:(1.1, 0.43, 0.25) pos:(2.16, 0.0, 0.0)
Cube:(1.1, 0.43, 0.25) pos:(2.16, 0.0, 0.25)
Cube:(1.1, 0.43, 0.25) pos:(2.16, 0.0, 0.5)
Cube:(1.1, 0.43, 0.25) pos:(2.16, 0.0, 0.75)
Cube:(1.1, 0.43, 0.25) pos:(2.16, 0.0, 1.0)
Cube:(1.1, 0.43, 0.25) pos:(2.16, 0.0, 1.25)
Cube:(1.1, 0.43, 0.25) pos:(2.16, 0.0, 1.5)
Cube:(1.1, 0.43, 0.25) pos:(2.16, 0.0, 1.75)
Cube:(1.1, 0.43, 0.25) pos:(2.2, 0.43, 1.8)
Cube:(1.1, 0.43, 0.25) pos:(2.2, 0.86, 1.8)
Cube:(1.1, 0.43, 0.25) pos:(2.25, 0.43, 1.75)
Cube:(1.1, 0.43, 0.25) pos:(2.25, 0.86, 1.75)
Cube:(1.1, 0.43, 0.25) pos:(2.29, 0.43, 1.7)
Cube:(1.1, 0.43, 0.25) pos:(2.29, 0.43, 1.95)
Cube:(1.1, 0.43, 0.25) pos:(2.29, 0.86, 1.7)
Cube:(1.1, 0.43, 0.25) pos:(2.29, 0.86, 1.95)
Cube:(1.1, 0.43, 0.25) pos:(2.34, 0.43, 1.9)
Cube:(1.1, 0.43, 0.25) pos:(2.34, 0.86, 1.9)
Cube:(1.1, 0.43, 0.25) pos:(2.39, 0.43, 1.85)
Cube:(1.1, 0.43, 0.25) pos:(2.39, 0.86, 1.85)
Cube:(1.1, 0.43, 0.25) pos:(2.44, 0.43, 1.8)
Cube:(1.1, 0.43, 0.25) pos:(2.44, 0.86, 1.8)
Cube:(1.1, 0.43, 0.25) pos:(2.49, 0.43, 1.75)
Cube:(1.1, 0.43, 0.25) pos:(2.49, 0.86, 1.75)
Cube:(1.1, 0.43, 0.25) pos:(2.53, 1.29, 1.7)
Cube:(1.1, 0.43, 0.25) pos:(2.53, 1.29, 1.95)
Cube:(1.1, 0.43, 0.25) pos:(2.53, 1.72, 1.7)
Cube:(1.1, 0.43, 0.25) pos:(2.53, 1.72, 1.95)
Cube:(1.1, 0.43, 0.25) pos:(2.58, 1.29, 1.9)
Cube:(1.1, 0.43, 0.25) pos:(2.58, 1.72, 1.9)
Cube:(1.1, 0.43, 0.25) pos:(2.63, 1.29, 1.85)
Cube:(0.92, 0.81, 0.55) pos:(2.73, 1.29, 1.5)
Cube:(0.92, 0.81, 0.55) pos:(2.84, 1.29, 1.55)
Cube:(0.92, 0.81, 0.55) pos:(3.35, 0.0, 1.5)
Cube:(0.92, 0.81, 0.55) pos:(3.39, 0.0, 1.55)
Cube:(0.92, 0.81, 0.55) pos:(3.49, 0.0, 1.6)
Cube:(0.92, 0.81, 0.55) pos:(3.59, 0.0, 1.65)
Cube:(0.92, 0.81, 0.55) pos:(3.63, 0.81, 1.6)
Cube:(0.92, 0.81, 0.55) pos:(3.65, 0.81, 1.6)
Cube:(0.92, 0.81, 0.55) pos:(3.73, 0.81, 1.65)
Cube:(0.92, 0.81, 0.55) pos:(3.76, 0.81, 1.65)
Cube:(0.92, 0.81, 0.55) pos:(4.27, 0.0, 1.65)
Cube:(0.92, 0.81, 0.55) pos:(4.31, 0.0, 1.65)
Cube:(0.92, 0.81, 0.55) pos:(4.41, 0.0, 1.65)
Cube:(0.92, 0.81, 0.55) pos:(4.51, 0.0, 1.65)
Cube:(0.92, 0.81, 0.55) pos:(4.55, 0.81, 1.65)
Cube:(0.92, 0.81, 0.55) pos:(4.57, 0.81, 1.65)
Cube:(0.92, 0.81, 0.55) pos:(4.65, 0.81, 1.65)
Cube:(0.92, 0.81, 0.55) pos:(4.68, 0.81, 1.65)