Cube:(0.91, 0.54, 0.45) pos:(0.0, 0.0, 0.0)
Cube:(0.91, 0.54, 0.45) pos:(0.0, 0.0, 0.45)
Cube:(0.91, 0.54, 0.45) pos:(0.0, 0.0, 0.9)
Cube:(0.91, 0.54, 0.45) pos:(0.0, 0.0, 1.35)
Cube:(0.91, 0.54, 0.45) pos:(0.0, 0.54, 0.0)
Cube:(0.91, 0.54, 0.45) pos:(0.0, 0.54, 0.45)
Cube:(0.91, 0.54, 0.45) pos:(0.0, 0.54, 0.9)
Cube:(0.91, 0.54, 0.45) pos:(0.0, 0.54, 1.35)
Cube:(0.91, 0.54, 0.45) pos:(0.05, 1.08, 0.0)
Cube:(0.91, 0.54, 0.45) pos:(0.09, 1.08, 0.45)
Cube:(0.91, 0.54, 0.45) pos:(0.13, 1.08, 0.9)
Cube:(0.91, 0.54, 0.45) pos:(0.18, 1.08, 1.35)
Cube:(0.91, 0.54, 0.45) pos:(0.22, 1.62, 0.0)
Cube:(0.91, 0.54, 0.45) pos:(0.26, 1.62, 0.45)
Cube:(0.91, 0.54, 0.45) pos:(0.31, 1.62, 0.9)
Cube:(0.91, 0.54, 0.45) pos:(0.35, 1.62, 1.35)
Cube:(0.91, 0.54, 0.45) pos:(0.91, 0.0, 0.0)
Cube:(0.91, 0.54, 0.45) pos:(0.91, 0.0, 0.45)
Cube:(0.91, 0.54, 0.45) pos:(0.91, 0.0, 0.9)
Cube:(0.91, 0.54, 0.45) pos:(0.91, 0.0, 1.35)
Cube:(0.91, 0.54, 0.45) pos:(0.91, 0.54, 0.0)
Cube:(0.91, 0.54, 0.45) pos:(0.91, 0.54, 0.45)
Cube:(0.91, 0.54, 0.45) pos:(0.91, 0.54, 0.9)
Cube:(0.91, 0.54, 0.45) pos:(0.91, 0.54, 1.35)
Cube:(0.91, 0.54, 0.45) pos:(0.96, 1.08, 1.35)
Cube:(0.91, 0.54, 0.45) pos:(1.0, 1.08, 1.35)
Cube:(0.91, 0.54, 0.45) pos:(1.04, 1.08, 1.35)
Cube:(0.91, 0.54, 0.45) pos:(1.09, 1.08, 1.35)
Cube:(0.91, 0.54, 0.45) pos:(1.13, 1.62, 1.35)
Cube:(0.91, 0.54, 0.45) pos:(1.17, 1.62, 1.35)
Cube:(0.91, 0.54, 0.45) pos:(1.22, 1.62, 1.35)
Cube:(0.91, 0.54, 0.45) pos:(1.26, 1.62, 1.35)
Cube:(1.05, 0.77, 0.72) pos:(1.82, 0.0, 0.0)
Cube:(1.05, 0.77, 0.72) pos:(1.82, 0.0, 0.72)
Cube:(1.05, 0.77, 0.72) pos:(1.82, 0.0, 1.44)
Cube:(1.05, 0.77, 0.72) pos:(1.87, 0.77, 1.35)
Cube:(1.05, 0.77, 0.72) pos:(1.95, 0.77, 1.17)
Cube:(1.05, 0.77, 0.72) pos:(2.0, 0.77, 1.44)
Cube:(1.05, 0.77, 0.72) pos:(2.04, 1.54, 1.35)
Cube:(1.05, 0.77, 0.72) pos:(2.13, 1.54, 1.17)
Cube:(1.05, 0.77, 0.72) pos:(2.17, 1.54, 1.44)
Cube:(1.05, 0.77, 0.72) pos:(2.87, 0.0, 0.0)
Cube:(1.05, 0.77, 0.72) pos:(2.87, 0.0, 0.72)
Cube:(1.05, 0.77, 0.72) pos:(2.87, 0.0, 1.44)
Cube:(1.05, 0.77, 0.72) pos:(2.92, 0.77, 1.44)
Cube:(1.05, 0.77, 0.72) pos:(3.0, 0.77, 1.44)
Cube:(1.05, 0.77, 0.72) pos:(3.05, 0.77, 1.44)
Cube:(1.05, 0.77, 0.72) pos:(3.09, 1.54, 1.44)
Cube:(1.05, 0.77, 0.72) pos:(3.18, 1.54, 1.44)
Cube:(1.05, 0.77, 0.72) pos:(3.22, 1.54, 1.44)
Cube:(1.05, 0.77, 0.72) pos:(3.92, 0.0, 0.0)
Cube:(1.05, 0.77, 0.72) pos:(3.92, 0.0, 0.72)
Cube:(1.05, 0.77, 0.72) pos:(3.92, 0.0, 1.44)
Cube:(1.05, 0.77, 0.72) pos:(3.97, 0.77, 1.44)
Cube:(1.05, 0.77, 0.72) pos:(4.05, 0.77, 1.44)
Cube:(1.05, 0.77, 0.72) pos:(4.1, 0.77, 1.44)
Cube:(0.79, 0.78, 0.48) pos:(4.14, 1.54, 1.44)
Cube:(0.79, 0.78, 0.48) pos:(4.23, 1.54, 1.2)
Cube:(0.79, 0.78, 0.48) pos:(4.23, 1.54, 1.68)
Cube:(0.79, 0.78, 0.48) pos:(4.27, 1.54, 1.44)
Cube:(0.79, 0.78, 0.48) pos:(4.93, 1.54, 1.44)
Cube:(0.79, 0.78, 0.48) pos:(5.02, 0.0, 1.44)
Cube:(0.79, 0.78, 0.48) pos:(5.02, 0.78, 1.44)
Cube:(0.79, 0.78, 0.48) pos:(5.02, 1.54, 1.44)
Cube:(0.79, 0.78, 0.48) pos:(5.06, 1.54, 1.44)