Cube:(0.6, 0.4, 0.32) pos:(0.0, 0.0, 0.0)
Cube:(0.6, 0.4, 0.32) pos:(0.0, 0.0, 0.32)
Cube:(0.6, 0.4, 0.32) pos:(0.0, 0.0, 0.64)
Cube:(0.6, 0.4, 0.32) pos:(0.0, 0.0, 0.96)
Cube:(0.6, 0.4, 0.32) pos:(0.0, 0.0, 1.28)
Cube:(0.6, 0.4, 0.32) pos:(0.0, 0.0, 1.6)
Cube:(0.6, 0.4, 0.32) pos:(0.0, 0.4, 0.0)
Cube:(0.6, 0.4, 0.32) pos:(0.0, 0.4, 0.32)
Cube:(0.6, 0.4, 0.32) pos:(0.0, 0.4, 0.64)
Cube:(0.6, 0.4, 0.32) pos:(0.0, 0.4, 0.96)
Cube:(0.6, 0.4, 0.32) pos:(0.0, 0.4, 1.28)
Cube:(0.6, 0.4, 0.32) pos:(0.0, 0.4, 1.6)
Cube:(0.6, 0.4, 0.32) pos:(0.0, 0.8, 0.0)
Cube:(0.6, 0.4, 0.32) pos:(0.0, 0.8, 0.32)
Cube:(0.6, 0.4, 0.32) pos:(0.0, 0.8, 0.64)
Cube:(0.6, 0.4, 0.32) pos:(0.0, 0.8, 0.96)
Cube:(0.6, 0.4, 0.32) pos:(0.0, 0.8, 1.28)
Cube:(0.6, 0.4, 0.32) pos:(0.0, 0.8, 1.6)
Cube:(0.6, 0.4, 0.32) pos:(0.0, 1.2, 0.0)
Cube:(0.6, 0.4, 0.32) pos:(0.0, 1.2, 0.32)
Cube:(0.6, 0.4, 0.32) pos:(0.0, 1.2, 0.64)
Cube:(0.6, 0.4, 0.32) pos:(0.02, 1.2, 0.96)
Cube:(0.6, 0.4, 0.32) pos:(0.03, 1.2, 1.28)
Cube:(0.6, 0.4, 0.32) pos:(0.05, 1.2, 1.6)
Cube:(0.6, 0.4, 0.32) pos:(0.06, 1.6, 0.0)
Cube:(0.6, 0.4, 0.32) pos:(0.08, 1.6, 0.32)
Cube:(0.6, 0.4, 0.32) pos:(0.09, 1.6, 0.64)
Cube:(0.6, 0.4, 0.32) pos:(0.11, 1.6, 0.96)
Cube:(0.6, 0.4, 0.32) pos:(0.12, 1.6, 1.28)
Cube:(0.6, 0.4, 0.32) pos:(0.14, 1.6, 1.6)
Cube:(0.6, 0.4, 0.32) pos:(0.6, 0.0, 0.0)
Cube:(0.6, 0.4, 0.32) pos:(0.6, 0.0, 0.32)
Cube:(0.6, 0.4, 0.32) pos:(0.6, 0.0, 0.64)
Cube:(0.6, 0.4, 0.32) pos:(0.6, 0.0, 0.96)
Cube:(0.6, 0.4, 0.32) pos:(0.6, 0.0, 1.28)
Cube:(0.6, 0.4, 0.32) pos:(0.6, 0.0, 1.6)
Cube:(0.6, 0.4, 0.32) pos:(0.6, 0.4, 0.0)
Cube:(0.6, 0.4, 0.32) pos:(0.6, 0.4, 0.32)
Cube:(0.6, 0.4, 0.32) pos:(0.6, 0.4, 0.64)
Cube:(0.6, 0.4, 0.32) pos:(0.6, 0.4, 0.96)
Cube:(0.6, 0.4, 0.32) pos:(0.6, 0.4, 1.28)
Cube:(0.6, 0.4, 0.32) pos:(0.6, 0.4, 1.6)
Cube:(0.6, 0.4, 0.32) pos:(0.6, 0.8, 0.0)
Cube:(0.6, 0.4, 0.32) pos:(0.6, 0.8, 0.32)
Cube:(0.6, 0.4, 0.32) pos:(0.6, 0.8, 0.64)
Cube:(0.6, 0.4, 0.32) pos:(0.6, 0.8, 0.96)
Cube:(0.6, 0.4, 0.32) pos:(0.6, 0.8, 1.28)
Cube:(0.6, 0.4, 0.32) pos:(0.6, 0.8, 1.6)
Cube:(0.6, 0.4, 0.32) pos:(0.6, 1.2, 0.96)
Cube:(0.6, 0.4, 0.32) pos:(0.6, 1.2, 1.28)
Cube:(0.6, 0.4, 0.32) pos:(0.6, 1.2, 1.6)
Cube:(0.6, 0.4, 0.32) pos:(0.62, 1.2, 1.6)
Cube:(0.6, 0.4, 0.32) pos:(0.63, 1.2, 1.6)
Cube:(0.6, 0.4, 0.32) pos:(0.65, 1.2, 1.6)
Cube:(0.6, 0.4, 0.32) pos:(0.66, 1.6, 1.6)
Cube:(0.6, 0.4, 0.32) pos:(0.68, 1.6, 1.6)
Cube:(0.6, 0.4, 0.32) pos:(0.69, 1.6, 1.6)
Cube:(0.6, 0.4, 0.32) pos:(0.71, 1.6, 1.6)
Cube:(0.6, 0.4, 0.32) pos:(0.72, 1.6, 1.6)
Cube:(0.6, 0.4, 0.32) pos:(0.74, 1.6, 1.6)
Cube:(0.6, 0.4, 0.32) pos:(1.2, 0.0, 0.0)
Cube:(0.6, 0.4, 0.32) pos:(1.2, 0.0, 0.32)
Cube:(0.6, 0.4, 0.32) pos:(1.2, 0.0, 0.64)
Cube:(0.6, 0.4, 0.32) pos:(1.2, 0.0, 0.96)
Cube:(0.98, 0.75, 0.55) pos:(1.2, 0.0, 1.28)
Cube:(0.98, 0.75, 0.55) pos:(1.2, 0.4, 0.55)
Cube:(0.98, 0.75, 0.55) pos:(1.2, 0.4, 1.1)
Cube:(0.98, 0.75, 0.55) pos:(1.2, 0.4, 1.65)
Cube:(0.98, 0.75, 0.55) pos:(1.2, 0.75, 1.65)
Cube:(0.98, 0.75, 0.55) pos:(1.26, 1.15, 1.6)
Cube:(0.98, 0.75, 0.55) pos:(1.29, 1.15, 1.51)
Cube:(0.98, 0.75, 0.55) pos:(1.32, 1.15, 1.65)
Cube:(0.98, 0.75, 0.55) pos:(1.34, 1.5, 1.65)
Cube:(0.98, 0.75, 0.55) pos:(2.18, 0.0, 0.0)
Cube:(0.98, 0.75, 0.55) pos:(2.18, 0.0, 0.55)
Cube:(0.98, 0.75, 0.55) pos:(2.18, 0.0, 1.1)
Cube:(0.98, 0.75, 0.55) pos:(2.18, 0.0, 1.65)
Cube:(0.98, 0.75, 0.55) pos:(2.18, 0.75, 1.65)
Cube:(0.98, 0.75, 0.55) pos:(2.24, 0.75, 1.65)
Cube:(0.98, 0.75, 0.55) pos:(2.24, 1.5, 1.65)
Cube:(0.98, 0.75, 0.55) pos:(2.27, 0.75, 1.65)
Cube:(0.98, 0.75, 0.55) pos:(2.27, 1.5, 1.65)
Cube:(0.98, 0.75, 0.55) pos:(2.3, 0.75, 1.65)
Cube:(0.98, 0.75, 0.55) pos:(2.3, 1.5, 1.65)
Cube:(0.98, 0.75, 0.55) pos:(2.32, 1.5, 1.65)
Cube:(0.98, 0.75, 0.55) pos:(3.16, 0.0, 0.0)
Cube:(0.98, 0.75, 0.55) pos:(3.16, 0.0, 0.55)
Cube:(0.98, 0.75, 0.55) pos:(3.16, 0.0, 1.1)
Cube:(0.98, 0.75, 0.55) pos:(3.16, 0.0, 1.65)
Cube:(0.98, 0.75, 0.55) pos:(3.16, 0.75, 1.65)
Cube:(0.98, 0.75, 0.55) pos:(3.22, 0.75, 1.65)
Cube:(0.98, 0.75, 0.55) pos:(3.22, 1.5, 1.65)
Cube:(0.98, 0.75, 0.55) pos:(3.25, 0.75, 1.65)
Cube:(0.98, 0.75, 0.55) pos:(3.25, 1.5, 1.65)
Cube:(0.98, 0.75, 0.55) pos:(3.28, 0.75, 1.65)
Cube:(0.98, 0.75, 0.55) pos:(3.28, 1.5, 1.65)
Cube:(0.98, 0.75, 0.55) pos:(3.3, 1.5, 1.65)
Cube:(0.98, 0.75, 0.55) pos:(4.14, 0.0, 0.0)
Cube:(0.98, 0.75, 0.55) pos:(4.14, 0.0, 0.55)
Cube:(0.98, 0.75, 0.55) pos:(4.14, 0.0, 1.1)
Cube:(0.98, 0.75, 0.55) pos:(4.14, 0.0, 1.65)
Cube:(0.98, 0.75, 0.55) pos:(4.14, 0.75, 1.65)
Cube:(0.98, 0.75, 0.55) pos:(4.2, 0.75, 1.65)
Cube:(0.98, 0.75, 0.55) pos:(4.2, 1.5, 1.65)
Cube:(0.6, 0.59, 0.39) pos:(4.23, 0.75, 1.65)
Cube:(0.6, 0.59, 0.39) pos:(4.23, 1.34, 1.65)
Cube:(0.6, 0.59, 0.39) pos:(4.26, 0.75, 1.49)
Cube:(0.6, 0.59, 0.39) pos:(4.26, 1.34, 1.49)
Cube:(0.6, 0.59, 0.39) pos:(4.28, 1.5, 1.33)
Cube:(0.6, 0.59, 0.39) pos:(4.28, 1.5, 1.72)
Cube:(0.6, 0.59, 0.39) pos:(4.83, 0.75, 1.49)
Cube:(0.6, 0.59, 0.39) pos:(4.83, 1.34, 1.72)
Cube:(0.6, 0.59, 0.39) pos:(4.86, 0.75, 1.49)
Cube:(0.6, 0.59, 0.39) pos:(4.86, 1.34, 1.72)
Cube:(0.6, 0.59, 0.39) pos:(4.88, 1.5, 1.33)
Cube:(0.6, 0.59, 0.39) pos:(4.88, 1.5, 1.72)
Cube:(0.6, 0.59, 0.39) pos:(5.12, 0.0, 0.0)
Cube:(0.6, 0.59, 0.39) pos:(5.12, 0.0, 0.39)
Cube:(0.6, 0.59, 0.39) pos:(5.12, 0.0, 0.78)
Cube:(0.6, 0.59, 0.39) pos:(5.12, 0.0, 1.17)
Cube:(0.6, 0.59, 0.39) pos:(5.12, 0.0, 1.56)
Cube:(0.6, 0.59, 0.39) pos:(5.12, 0.59, 1.33)
Cube:(0.6, 0.59, 0.39) pos:(5.12, 0.59, 1.72)
Cube:(0.6, 0.59, 0.39) pos:(5.18, 0.59, 1.56)
Cube:(0.6, 0.59, 0.39) pos:(5.18, 1.18, 1.56)