Cube:(0.78, 0.37, 0.27) pos:(0.0, 0.0, 0.0)
Cube:(0.78, 0.37, 0.27) pos:(0.0, 0.0, 0.27)
Cube:(0.78, 0.37, 0.27) pos:(0.0, 0.0, 0.54)
Cube:(0.78, 0.37, 0.27) pos:(0.0, 0.0, 0.81)
Cube:(0.78, 0.37, 0.27) pos:(0.0, 0.0, 1.08)
Cube:(0.78, 0.37, 0.27) pos:(0.0, 0.0, 1.35)
Cube:(0.78, 0.37, 0.27) pos:(0.0, 0.0, 1.62)
Cube:(0.78, 0.37, 0.27) pos:(0.0, 0.0, 1.89)
Cube:(0.78, 0.37, 0.27) pos:(0.0, 0.37, 0.0)
Cube:(0.78, 0.37, 0.27) pos:(0.0, 0.37, 0.27)
Cube:(0.78, 0.37, 0.27) pos:(0.0, 0.37, 0.54)
Cube:(0.78, 0.37, 0.27) pos:(0.0, 0.37, 0.81)
Cube:(0.78, 0.37, 0.27) pos:(0.0, 0.37, 1.08)
Cube:(0.78, 0.37, 0.27) pos:(0.0, 0.37, 1.35)
Cube:(0.78, 0.37, 0.27) pos:(0.0, 0.37, 1.62)
Cube:(0.78, 0.37, 0.27) pos:(0.0, 0.37, 1.89)
Cube:(0.78, 0.37, 0.27) pos:(0.0, 0.74, 0.0)
Cube:(0.78, 0.37, 0.27) pos:(0.0, 0.74, 0.27)
Cube:(0.78, 0.37, 0.27) pos:(0.0, 0.74, 0.54)
Cube:(0.78, 0.37, 0.27) pos:(0.0, 0.74, 0.81)
Cube:(0.78, 0.37, 0.27) pos:(0.01, 0.74, 1.08)
Cube:(0.78, 0.37, 0.27) pos:(0.02, 0.74, 1.35)
Cube:(0.78, 0.37, 0.27) pos:(0.04, 0.74, 1.62)
Cube:(0.78, 0.37, 0.27) pos:(0.05, 0.74, 1.89)
Cube:(0.78, 0.37, 0.27) pos:(0.07, 1.11, 0.0)
Cube:(0.78, 0.37, 0.27) pos:(0.08, 1.11, 0.27)
Cube:(0.78, 0.37, 0.27) pos:(0.1, 1.11, 0.54)
Cube:(0.78, 0.37, 0.27) pos:(0.11, 1.11, 0.81)
Cube:(0.78, 0.37, 0.27) pos:(0.13, 1.11, 1.08)
Cube:(0.78, 0.37, 0.27) pos:(0.14, 1.11, 1.35)
Cube:(0.78, 0.37, 0.27) pos:(0.16, 1.11, 1.62)
Cube:(0.78, 0.37, 0.27) pos:(0.17, 1.11, 1.89)
Cube:(0.78, 0.37, 0.27) pos:(0.19, 1.48, 0.0)
Cube:(0.78, 0.37, 0.27) pos:(0.2, 1.48, 0.27)
Cube:(0.78, 0.37, 0.27) pos:(0.22, 1.48, 0.54)
Cube:(0.78, 0.37, 0.27) pos:(0.23, 1.48, 0.81)
Cube:(0.78, 0.37, 0.27) pos:(0.25, 1.48, 1.08)
Cube:(0.78, 0.37, 0.27) pos:(0.26, 1.48, 1.35)
Cube:(0.78, 0.37, 0.27) pos:(0.28, 1.48, 1.62)
Cube:(0.78, 0.37, 0.27) pos:(0.29, 1.48, 1.89)
Cube:(0.78, 0.37, 0.27) pos:(0.31, 1.85, 0.0)
Cube:(0.78, 0.37, 0.27) pos:(0.32, 1.85, 0.27)
Cube:(0.78, 0.37, 0.27) pos:(0.34, 1.85, 0.54)
Cube:(0.78, 0.37, 0.27) pos:(0.36, 1.85, 0.81)
Cube:(0.78, 0.37, 0.27) pos:(0.37, 1.85, 1.08)
Cube:(0.78, 0.37, 0.27) pos:(0.39, 1.85, 1.35)
Cube:(0.78, 0.37, 0.27) pos:(0.4, 1.85, 1.62)
Cube:(0.78, 0.37, 0.27) pos:(0.42, 1.85, 1.89)
Cube:(0.78, 0.37, 0.27) pos:(0.78, 0.0, 0.0)
Cube:(0.78, 0.37, 0.27) pos:(0.78, 0.0, 0.27)
Cube:(0.78, 0.37, 0.27) pos:(0.78, 0.0, 0.54)
Cube:(0.78, 0.37, 0.27) pos:(0.78, 0.0, 0.81)
Cube:(0.78, 0.37, 0.27) pos:(0.78, 0.0, 1.08)
Cube:(0.78, 0.37, 0.27) pos:(0.78, 0.0, 1.35)
Cube:(0.78, 0.37, 0.27) pos:(0.78, 0.0, 1.62)
Cube:(0.78, 0.37, 0.27) pos:(0.78, 0.0, 1.89)
Cube:(0.78, 0.37, 0.27) pos:(0.78, 0.37, 0.0)
Cube:(0.78, 0.37, 0.27) pos:(0.78, 0.37, 0.27)
Cube:(0.78, 0.37, 0.27) pos:(0.78, 0.37, 0.54)
Cube:(0.78, 0.37, 0.27) pos:(0.78, 0.37, 0.81)
Cube:(0.78, 0.37, 0.27) pos:(0.78, 0.37, 1.08)
Cube:(0.78, 0.37, 0.27) pos:(0.78, 0.37, 1.35)
Cube:(0.78, 0.37, 0.27) pos:(0.78, 0.37, 1.62)
Cube:(0.89, 0.7, 0.25) pos:(0.78, 0.37, 1.89)
Cube:(0.89, 0.7, 0.25) pos:(0.85, 0.74, 1.89)
Cube:(0.89, 0.7, 0.25) pos:(0.86, 0.74, 1.87)
Cube:(0.89, 0.7, 0.25) pos:(0.88, 0.74, 1.85)
Cube:(0.89, 0.7, 0.25) pos:(0.89, 0.74, 1.83)
Cube:(0.89, 0.7, 0.25) pos:(0.91, 0.74, 1.81)
Cube:(0.89, 0.7, 0.25) pos:(0.92, 0.74, 1.79)
Cube:(0.89, 0.7, 0.25) pos:(0.94, 0.74, 1.77)
Cube:(0.89, 0.7, 0.25) pos:(0.97, 1.07, 1.89)
Cube:(0.89, 0.7, 0.25) pos:(1.09, 1.44, 1.89)
Cube:(0.89, 0.7, 0.25) pos:(1.1, 1.44, 1.87)
Cube:(0.89, 0.7, 0.25) pos:(1.12, 1.44, 1.85)
Cube:(0.89, 0.7, 0.25) pos:(1.14, 1.44, 1.83)
Cube:(0.89, 0.7, 0.25) pos:(1.15, 1.44, 1.81)
Cube:(0.89, 0.7, 0.25) pos:(1.17, 1.44, 1.79)
Cube:(0.89, 0.7, 0.25) pos:(1.18, 1.44, 1.77)
Cube:(0.89, 0.7, 0.25) pos:(1.56, 0.0, 0.25)
Cube:(0.89, 0.7, 0.25) pos:(1.56, 0.0, 0.5)
Cube:(0.89, 0.7, 0.25) pos:(1.56, 0.0, 0.75)
Cube:(0.89, 0.7, 0.25) pos:(1.56, 0.0, 1.0)
Cube:(0.89, 0.7, 0.25) pos:(1.56, 0.0, 1.25)
Cube:(0.89, 0.7, 0.25) pos:(1.56, 0.0, 1.5)
Cube:(0.89, 0.7, 0.25) pos:(1.56, 0.0, 1.75)
Cube:(0.89, 0.7, 0.25) pos:(1.67, 0.0, 1.75)
Cube:(0.89, 0.7, 0.25) pos:(1.74, 0.7, 1.75)
Cube:(0.89, 0.7, 0.25) pos:(1.75, 0.7, 1.75)
Cube:(0.89, 0.7, 0.25) pos:(1.77, 0.7, 1.75)
Cube:(0.89, 0.7, 0.25) pos:(1.78, 0.7, 1.75)
Cube:(0.89, 0.7, 0.25) pos:(1.8, 0.7, 1.75)
Cube:(0.89, 0.7, 0.25) pos:(1.81, 0.7, 1.75)
Cube:(0.89, 0.7, 0.25) pos:(1.83, 0.7, 1.75)
Cube:(0.89, 0.7, 0.25) pos:(1.86, 0.7, 1.75)
Cube:(0.89, 0.7, 0.25) pos:(1.86, 1.4, 1.75)
Cube:(0.89, 0.7, 0.25) pos:(1.98, 1.4, 1.75)
Cube:(0.89, 0.7, 0.25) pos:(1.99, 1.4, 1.75)
Cube:(0.89, 0.7, 0.25) pos:(2.01, 1.4, 1.75)
Cube:(0.89, 0.7, 0.25) pos:(2.03, 1.4, 1.75)
Cube:(0.89, 0.7, 0.25) pos:(2.04, 1.4, 1.75)
Cube:(0.89, 0.7, 0.25) pos:(2.06, 1.4, 1.75)
Cube:(0.89, 0.7, 0.25) pos:(2.07, 1.4, 1.75)
Cube:(0.89, 0.7, 0.25) pos:(2.45, 0.0, 0.25)
Cube:(0.89, 0.7, 0.25) pos:(2.45, 0.0, 0.5)
Cube:(0.89, 0.7, 0.25) pos:(2.45, 0.0, 0.75)
Cube:(0.89, 0.7, 0.25) pos:(2.45, 0.0, 1.0)
Cube:(0.89, 0.7, 0.25) pos:(2.45, 0.0, 1.25)
Cube:(0.89, 0.7, 0.25) pos:(2.45, 0.0, 1.5)
Cube:(0.89, 0.7, 0.25) pos:(2.45, 0.0, 1.75)
Cube:(0.89, 0.7, 0.25) pos:(2.56, 0.0, 1.75)
Cube:(0.89, 0.7, 0.25) pos:(2.63, 0.7, 1.75)
Cube:(0.89, 0.7, 0.25) pos:(2.64, 0.7, 1.75)
Cube:(0.89, 0.7, 0.25) pos:(2.66, 0.7, 1.75)
Cube:(0.89, 0.7, 0.25) pos:(2.67, 0.7, 1.75)
Cube:(0.9, 0.84, 0.41) pos:(2.75, 0.7, 1.75)
Cube:(0.9, 0.84, 0.41) pos:(2.88, 0.7, 1.66)
Cube:(0.9, 0.84, 0.41) pos:(2.92, 1.4, 1.57)
Cube:(0.9, 0.84, 0.41) pos:(2.93, 1.4, 1.73)
Cube:(0.9, 0.84, 0.41) pos:(2.96, 1.4, 1.64)
Cube:(0.9, 0.84, 0.41) pos:(3.52, 0.0, 1.57)
Cube:(0.9, 0.84, 0.41) pos:(3.53, 0.0, 1.73)
Cube:(0.9, 0.84, 0.41) pos:(3.56, 0.0, 1.64)
Cube:(0.9, 0.84, 0.41) pos:(3.65, 0.0, 1.64)
Cube:(0.9, 0.84, 0.41) pos:(3.65, 0.84, 1.64)
Cube:(0.9, 0.84, 0.41) pos:(3.78, 0.0, 1.64)
Cube:(0.9, 0.84, 0.41) pos:(3.78, 0.84, 1.64)
Cube:(0.9, 0.84, 0.41) pos:(3.82, 0.84, 1.64)
Cube:(0.9, 0.84, 0.41) pos:(3.83, 0.84, 1.64)
Cube:(0.9, 0.84, 0.41) pos:(3.86, 0.84, 1.64)
Cube:(0.9, 0.84, 0.41) pos:(4.42, 0.0, 1.64)
Cube:(0.9, 0.84, 0.41) pos:(4.43, 0.0, 1.64)
Cube:(0.9, 0.84, 0.41) pos:(4.46, 0.0, 1.64)
Cube:(0.9, 0.84, 0.41) pos:(4.55, 0.0, 1.64)
Cube:(0.9, 0.84, 0.41) pos:(4.55, 0.84, 1.64)
Cube:(0.9, 0.84, 0.41) pos:(4.68, 0.0, 1.64)
Cube:(0.9, 0.84, 0.41) pos:(4.68, 0.84, 1.64)
Cube:(0.9, 0.84, 0.41) pos:(4.72, 0.84, 1.64)
Cube:(0.9, 0.84, 0.41) pos:(4.73, 0.84, 1.64)
Cube:(0.9, 0.84, 0.41) pos:(4.76, 0.84, 1.64)