Cube:(1.08, 0.76, 0.3) pos:(0.0, 0.0, 0.0)
Cube:(1.08, 0.76, 0.3) pos:(0.0, 0.0, 0.3)
Cube:(1.08, 0.76, 0.3) pos:(0.0, 0.0, 0.6)
Cube:(1.08, 0.76, 0.3) pos:(0.0, 0.0, 0.9)
Cube:(1.08, 0.76, 0.3) pos:(0.0, 0.0, 1.2)
Cube:(1.08, 0.76, 0.3) pos:(0.0, 0.0, 1.5)
Cube:(1.08, 0.76, 0.3) pos:(0.0, 0.0, 1.8)
Cube:(1.08, 0.76, 0.3) pos:(0.04, 0.76, 0.0)
Cube:(1.08, 0.76, 0.3) pos:(0.09, 0.76, 0.3)
Cube:(1.08, 0.76, 0.3) pos:(0.13, 0.76, 0.6)
Cube:(1.08, 0.76, 0.3) pos:(0.18, 0.76, 0.9)
Cube:(1.08, 0.76, 0.3) pos:(0.23, 0.76, 1.2)
Cube:(1.08, 0.76, 0.3) pos:(0.28, 0.76, 1.5)
Cube:(1.08, 0.76, 0.3) pos:(0.33, 0.76, 1.8)
Cube:(1.08, 0.76, 0.3) pos:(0.37, 1.52, 0.0)
Cube:(1.08, 0.76, 0.3) pos:(0.42, 1.52, 0.3)
Cube:(1.08, 0.76, 0.3) pos:(0.47, 1.52, 0.6)
Cube:(1.08, 0.76, 0.3) pos:(0.52, 1.52, 0.9)
Cube:(1.08, 0.76, 0.3) pos:(0.57, 1.52, 1.2)
Cube:(1.08, 0.76, 0.3) pos:(0.61, 1.52, 1.5)
Cube:(1.08, 0.76, 0.3) pos:(0.66, 1.52, 1.8)
Cube:(1.08, 0.76, 0.3) pos:(1.08, 0.0, 0.0)
Cube:(1.08, 0.76, 0.3) pos:(1.08, 0.0, 0.3)
Cube:(1.08, 0.76, 0.3) pos:(1.08, 0.0, 0.6)
Cube:(1.1, 0.43, 0.25) pos:(1.08, 0.0, 0.9)
Cube:(1.1, 0.43, 0.25) pos:(1.08, 0.0, 1.15)
Cube:(1.1, 0.43, 0.25) pos:(1.08, 0.0, 1.4)
Cube:(1.1, 0.43, 0.25) pos:(1.08, 0.0, 1.65)
Cube:(1.1, 0.43, 0.25) pos:(1.08, 0.0, 1.9)
Cube:(1.1, 0.43, 0.25) pos:(1.12, 0.43, 1.8)
Cube:(1.1, 0.43, 0.25) pos:(1.12, 0.86, 1.8)
Cube:(0.92, 0.81, 0.55) pos:(1.21, 0.43, 1.45)
Cube:(0.92, 0.81, 0.55) pos:(1.5, 0.76, 1.5)
Cube:(0.92, 0.81, 0.55) pos:(1.6, 0.76, 1.45)
Cube:(0.92, 0.81, 0.55) pos:(1.69, 1.24, 1.4)
Cube:(0.92, 0.81, 0.55) pos:(1.74, 1.29, 1.65)
Cube:(0.92, 0.81, 0.55) pos:(2.13, 0.43, 1.35)
Cube:(0.92, 0.81, 0.55) pos:(2.22, 0.0, 1.65)
Cube:(0.92, 0.81, 0.55) pos:(2.42, 0.0, 1.65)
Cube:(0.92, 0.81, 0.55) pos:(2.42, 0.81, 1.65)
Cube:(0.92, 0.81, 0.55) pos:(2.52, 0.0, 1.65)
Cube:(0.92, 0.81, 0.55) pos:(2.52, 0.81, 1.65)
Cube:(0.92, 0.81, 0.55) pos:(2.61, 0.81, 1.65)
Cube:(0.92, 0.81, 0.55) pos:(2.66, 1.24, 1.65)
Cube:(0.92, 0.81, 0.55) pos:(3.05, 0.0, 1.65)
Cube:(0.92, 0.81, 0.55) pos:(3.14, 0.0, 1.65)
Cube:(0.92, 0.81, 0.55) pos:(3.34, 0.0, 1.65)
Cube:(0.92, 0.81, 0.55) pos:(3.34, 0.81, 1.65)
Cube:(0.92, 0.81, 0.55) pos:(3.44, 0.0, 1.65)
Cube:(0.92, 0.81, 0.55) pos:(3.44, 0.81, 1.65)
Cube:(0.92, 0.81, 0.55) pos:(3.53, 0.81, 1.65)
Cube:(0.92, 0.81, 0.55) pos:(3.58, 0.81, 1.65)
Cube:(0.92, 0.81, 0.55) pos:(3.97, 0.0, 1.65)
Cube:(0.81, 0.33, 0.28) pos:(2.77, 1.62, 0.55)
Cube:(0.81, 0.33, 0.28) pos:(2.79, 1.62, 0.83)
Cube:(0.81, 0.33, 0.28) pos:(2.8, 1.62, 1.11)
Cube:(0.81, 0.33, 0.28) pos:(2.82, 1.62, 1.39)
Cube:(0.81, 0.33, 0.28) pos:(2.83, 1.62, 1.67)
Cube:(0.81, 0.33, 0.28) pos:(2.85, 1.95, 0.55)
Cube:(0.81, 0.33, 0.28) pos:(2.86, 1.95, 0.83)
Cube:(0.81, 0.33, 0.28) pos:(2.88, 1.95, 1.11)
Cube:(0.81, 0.33, 0.28) pos:(2.89, 1.95, 1.39)
Cube:(0.81, 0.33, 0.28) pos:(2.91, 1.95, 1.67)
Cube:(0.81, 0.33, 0.28) pos:(3.58, 1.62, 1.12)
Cube:(0.81, 0.33, 0.28) pos:(3.58, 1.62, 1.4)
Cube:(0.81, 0.33, 0.28) pos:(3.58, 1.62, 1.68)
Cube:(1.2, 0.99, 0.73) pos:(4.36, 0.0, 1.1)
Cube:(1.2, 0.99, 0.73) pos:(4.36, 0.99, 1.1)
Cube:(1.2, 0.99, 0.73) pos:(4.45, 0.0, 1.28)
Cube:(1.2, 0.99, 0.73) pos:(4.45, 0.99, 1.28)
Cube:(1.2, 0.99, 0.73) pos:(4.5, 0.81, 1.46)