Cube:(0.49, 0.25, 0.21) pos:(0.0, 0.0, 0.0)
Cube:(0.49, 0.25, 0.21) pos:(0.0, 0.0, 0.21)
Cube:(0.49, 0.25, 0.21) pos:(0.0, 0.0, 0.42)
Cube:(0.49, 0.25, 0.21) pos:(0.0, 0.0, 0.63)
Cube:(0.49, 0.25, 0.21) pos:(0.0, 0.0, 0.84)
Cube:(0.49, 0.25, 0.21) pos:(0.0, 0.0, 1.05)
Cube:(0.49, 0.25, 0.21) pos:(0.0, 0.0, 1.26)
Cube:(0.49, 0.25, 0.21) pos:(0.0, 0.0, 1.47)
Cube:(0.49, 0.25, 0.21) pos:(0.0, 0.0, 1.68)
Cube:(0.49, 0.25, 0.21) pos:(0.0, 0.0, 1.89)
Cube:(0.49, 0.25, 0.21) pos:(0.0, 0.25, 0.0)
Cube:(0.49, 0.25, 0.21) pos:(0.0, 0.25, 0.21)
Cube:(0.49, 0.25, 0.21) pos:(0.0, 0.25, 0.42)
Cube:(0.49, 0.25, 0.21) pos:(0.0, 0.25, 0.63)
Cube:(0.49, 0.25, 0.21) pos:(0.0, 0.25, 0.84)
Cube:(0.49, 0.25, 0.21) pos:(0.0, 0.25, 1.05)
Cube:(0.49, 0.25, 0.21) pos:(0.0, 0.25, 1.26)
Cube:(0.49, 0.25, 0.21) pos:(0.0, 0.25, 1.47)
Cube:(0.49, 0.25, 0.21) pos:(0.0, 0.25, 1.68)
Cube:(0.49, 0.25, 0.21) pos:(0.0, 0.25, 1.89)
Cube:(0.49, 0.25, 0.21) pos:(0.0, 0.5, 0.0)
Cube:(0.49, 0.25, 0.21) pos:(0.0, 0.5, 0.21)
Cube:(0.6, 0.51, 0.41) pos:(0.0, 0.5, 0.42)
Cube:(0.6, 0.51, 0.41) pos:(0.0, 0.5, 0.83)
Cube:(0.6, 0.51, 0.41) pos:(0.0, 0.5, 1.24)
Cube:(0.6, 0.51, 0.41) pos:(0.0, 0.5, 1.65)
Cube:(0.6, 0.51, 0.41) pos:(0.0, 0.75, 1.64)
Cube:(0.6, 0.51, 0.41) pos:(0.0, 1.01, 0.41)
Cube:(0.6, 0.51, 0.41) pos:(0.0, 1.01, 0.82)
Cube:(0.6, 0.51, 0.41) pos:(0.0, 1.01, 1.23)
Cube:(0.6, 0.51, 0.41) pos:(0.01, 1.01, 1.64)
Cube:(0.6, 0.51, 0.41) pos:(0.03, 1.26, 1.64)
Cube:(0.6, 0.51, 0.41) pos:(0.06, 1.52, 0.41)
Cube:(0.6, 0.51, 0.41) pos:(0.08, 1.52, 0.82)
Cube:(0.6, 0.51, 0.41) pos:(0.11, 1.52, 1.23)
Cube:(0.6, 0.51, 0.41) pos:(0.13, 1.52, 1.64)
Cube:(0.6, 0.51, 0.41) pos:(0.15, 1.77, 1.64)
Cube:(0.6, 0.51, 0.41) pos:(0.49, 0.0, 1.64)
Cube:(0.6, 0.51, 0.41) pos:(0.6, 0.0, 0.41)
Cube:(0.6, 0.51, 0.41) pos:(0.6, 0.0, 0.82)
Cube:(0.6, 0.51, 0.41) pos:(0.6, 0.0, 1.23)
Cube:(0.6, 0.51, 0.41) pos:(0.6, 0.0, 1.64)
Cube:(0.6, 0.51, 0.41) pos:(0.6, 0.51, 0.41)
Cube:(0.6, 0.51, 0.41) pos:(0.6, 0.51, 0.82)
Cube:(1.03, 0.76, 0.64) pos:(0.6, 0.51, 1.23)
Cube:(1.03, 0.76, 0.64) pos:(0.61, 0.51, 1.46)
Cube:(1.03, 0.76, 0.64) pos:(0.68, 1.02, 1.28)
Cube:(1.03, 0.76, 0.64) pos:(0.71, 1.27, 1.46)
Cube:(1.03, 0.76, 0.64) pos:(0.75, 1.27, 1.28)
Cube:(1.03, 0.76, 0.64) pos:(1.2, 0.0, 1.28)
Cube:(1.03, 0.76, 0.64) pos:(1.63, 0.0, 1.28)
Cube:(1.03, 0.76, 0.64) pos:(1.64, 0.0, 1.28)
Cube:(1.03, 0.76, 0.64) pos:(1.71, 0.76, 1.28)
Cube:(1.03, 0.76, 0.64) pos:(1.71, 1.52, 1.28)
Cube:(1.03, 0.76, 0.64) pos:(1.74, 0.76, 1.28)
Cube:(1.03, 0.76, 0.64) pos:(1.74, 1.52, 1.28)
Cube:(1.03, 0.76, 0.64) pos:(1.78, 0.76, 1.28)
Cube:(1.03, 0.76, 0.64) pos:(1.78, 1.52, 1.28)
Cube:(1.03, 0.76, 0.64) pos:(2.23, 0.0, 1.28)
Cube:(1.03, 0.76, 0.64) pos:(2.66, 0.0, 1.28)
Cube:(1.03, 0.76, 0.64) pos:(2.67, 0.0, 1.28)
Cube:(1.03, 0.76, 0.64) pos:(2.74, 0.76, 1.28)
Cube:(1.03, 0.76, 0.64) pos:(2.74, 1.52, 1.28)
Cube:(1.03, 0.76, 0.64) pos:(2.77, 0.76, 1.28)
Cube:(1.03, 0.76, 0.64) pos:(2.77, 1.52, 1.28)
Cube:(1.03, 0.76, 0.64) pos:(2.81, 0.76, 1.28)
Cube:(1.03, 0.76, 0.64) pos:(2.81, 1.52, 1.28)
Cube:(1.03, 0.76, 0.64) pos:(3.26, 0.0, 1.28)
Cube:(1.03, 0.76, 0.64) pos:(3.69, 0.0, 1.28)
Cube:(1.03, 0.76, 0.64) pos:(3.7, 0.0, 1.28)
Cube:(1.03, 0.76, 0.64) pos:(3.77, 0.76, 1.28)
Cube:(1.03, 0.76, 0.64) pos:(3.77, 1.52, 1.28)
Cube:(0.95, 0.7, 0.62) pos:(3.8, 0.76, 1.28)
Cube:(0.95, 0.7, 0.62) pos:(3.8, 1.46, 1.28)
Cube:(0.95, 0.7, 0.62) pos:(3.84, 0.76, 1.26)
Cube:(0.95, 0.7, 0.62) pos:(3.84, 1.46, 1.26)
Cube:(0.95, 0.7, 0.62) pos:(4.29, 0.0, 1.28)
Cube:(0.95, 0.7, 0.62) pos:(4.72, 0.0, 1.26)
Cube:(0.95, 0.7, 0.62) pos:(4.73, 0.0, 1.24)
Cube:(0.95, 0.7, 0.62) pos:(4.75, 0.7, 1.26)
Cube:(0.95, 0.7, 0.62) pos:(4.75, 1.4, 1.26)
Cube:(0.95, 0.7, 0.62) pos:(4.79, 0.7, 1.26)
Cube:(0.95, 0.7, 0.62) pos:(4.79, 1.4, 1.26)
Cube:(0.95, 0.7, 0.62) pos:(4.8, 0.7, 1.24)
Cube:(0.95, 0.7, 0.62) pos:(4.8, 1.4, 1.24)
Cube:(1.11, 0.49, 0.26) pos:(4.13, 0.0, 1.92)
Cube:(1.11, 0.49, 0.26) pos:(4.16, 0.49, 1.92)
Cube:(1.11, 0.49, 0.26) pos:(4.19, 0.98, 1.88)
Cube:(1.11, 0.49, 0.26) pos:(4.22, 1.47, 1.88)