Cube:(0.88, 0.54, 0.39) pos:(0.0, 0.0, 0.0)
Cube:(0.88, 0.54, 0.39) pos:(0.0, 0.0, 0.39)
Cube:(0.88, 0.54, 0.39) pos:(0.0, 0.0, 0.78)
Cube:(0.88, 0.54, 0.39) pos:(0.0, 0.0, 1.17)
Cube:(0.88, 0.54, 0.39) pos:(0.0, 0.0, 1.56)
Cube:(0.88, 0.54, 0.39) pos:(0.0, 0.54, 0.0)
Cube:(0.88, 0.54, 0.39) pos:(0.0, 0.54, 0.39)
Cube:(0.88, 0.54, 0.39) pos:(0.0, 0.54, 0.78)
Cube:(0.88, 0.54, 0.39) pos:(0.0, 0.54, 1.17)
Cube:(0.88, 0.54, 0.39) pos:(0.03, 0.54, 1.56)
Cube:(0.88, 0.54, 0.39) pos:(0.06, 1.08, 0.0)
Cube:(0.88, 0.54, 0.39) pos:(0.1, 1.08, 0.39)
Cube:(0.88, 0.54, 0.39) pos:(0.14, 1.08, 0.78)
Cube:(0.88, 0.54, 0.39) pos:(0.17, 1.08, 1.17)
Cube:(0.88, 0.54, 0.39) pos:(0.21, 1.08, 1.56)
Cube:(0.88, 0.54, 0.39) pos:(0.24, 1.62, 0.0)
Cube:(0.88, 0.54, 0.39) pos:(0.28, 1.62, 0.39)
Cube:(0.88, 0.54, 0.39) pos:(0.32, 1.62, 0.78)
Cube:(0.88, 0.54, 0.39) pos:(0.35, 1.62, 1.17)
Cube:(0.88, 0.54, 0.39) pos:(0.39, 1.62, 1.56)
Cube:(0.88, 0.54, 0.39) pos:(0.88, 0.0, 0.0)
Cube:(0.88, 0.54, 0.39) pos:(0.88, 0.0, 0.39)
Cube:(0.88, 0.54, 0.39) pos:(0.88, 0.0, 0.78)
Cube:(0.88, 0.54, 0.39) pos:(0.88, 0.0, 1.17)
Cube:(0.88, 0.54, 0.39) pos:(0.88, 0.0, 1.56)
Cube:(0.94, 0.54, 0.36) pos:(0.88, 0.54, 0.39)
Cube:(0.94, 0.54, 0.36) pos:(0.88, 0.54, 0.75)
Cube:(0.94, 0.54, 0.36) pos:(0.88, 0.54, 1.11)
Cube:(0.94, 0.54, 0.36) pos:(0.88, 0.54, 1.47)
Cube:(0.94, 0.54, 0.36) pos:(0.88, 0.54, 1.83)
Cube:(0.94, 0.54, 0.36) pos:(0.91, 0.54, 1.8)
Cube:(0.94, 0.54, 0.36) pos:(0.94, 1.08, 1.56)
Cube:(0.94, 0.54, 0.36) pos:(0.98, 1.08, 1.53)
Cube:(0.94, 0.54, 0.36) pos:(1.02, 1.08, 1.5)
Cube:(0.94, 0.54, 0.36) pos:(1.05, 1.08, 1.47)
Cube:(0.94, 0.54, 0.36) pos:(1.05, 1.08, 1.83)
Cube:(0.94, 0.54, 0.36) pos:(1.09, 1.08, 1.8)
Cube:(0.94, 0.54, 0.36) pos:(1.12, 1.62, 1.56)
Cube:(0.94, 0.54, 0.36) pos:(1.16, 1.62, 1.53)
Cube:(0.94, 0.54, 0.36) pos:(1.2, 1.62, 1.5)
Cube:(0.94, 0.54, 0.36) pos:(1.23, 1.62, 1.47)
Cube:(0.94, 0.54, 0.36) pos:(1.23, 1.62, 1.83)
Cube:(0.94, 0.54, 0.36) pos:(1.27, 1.62, 1.8)
Cube:(0.94, 0.54, 0.36) pos:(1.76, 0.0, 0.0)
Cube:(0.94, 0.54, 0.36) pos:(1.76, 0.0, 0.36)
Cube:(0.94, 0.54, 0.36) pos:(1.76, 0.0, 0.72)
Cube:(0.94, 0.54, 0.36) pos:(1.76, 0.0, 1.08)
Cube:(0.94, 0.54, 0.36) pos:(1.76, 0.0, 1.44)
Cube:(0.94, 0.54, 0.36) pos:(1.76, 0.0, 1.8)
Cube:(0.94, 0.54, 0.36) pos:(1.82, 0.54, 0.36)
Cube:(0.94, 0.54, 0.36) pos:(1.82, 0.54, 0.72)
Cube:(0.94, 0.54, 0.36) pos:(1.82, 0.54, 1.08)
Cube:(0.87, 0.77, 0.43) pos:(1.92, 0.54, 1.44)
Cube:(0.87, 0.77, 0.43) pos:(1.96, 0.54, 1.51)
Cube:(0.87, 0.77, 0.43) pos:(2.1, 1.08, 1.44)
Cube:(0.87, 0.77, 0.43) pos:(2.14, 1.08, 1.51)
Cube:(0.87, 0.77, 0.43) pos:(2.17, 1.08, 1.72)
Cube:(0.87, 0.77, 0.43) pos:(2.17, 1.31, 1.65)
Cube:(0.87, 0.77, 0.43) pos:(2.21, 1.31, 1.72)
Cube:(0.87, 0.77, 0.43) pos:(2.76, 0.0, 0.86)
Cube:(0.87, 0.77, 0.43) pos:(2.76, 0.0, 1.29)
Cube:(0.87, 0.77, 0.43) pos:(2.76, 0.0, 1.72)
Cube:(0.87, 0.77, 0.43) pos:(2.79, 0.0, 1.72)
Cube:(0.87, 0.77, 0.43) pos:(2.83, 0.0, 1.72)
Cube:(0.87, 0.77, 0.43) pos:(2.97, 0.77, 1.72)
Cube:(0.87, 0.77, 0.43) pos:(2.97, 1.54, 1.72)
Cube:(0.87, 0.77, 0.43) pos:(3.01, 0.77, 1.72)
Cube:(0.87, 0.77, 0.43) pos:(3.01, 1.54, 1.72)
Cube:(0.87, 0.77, 0.43) pos:(3.04, 0.77, 1.29)
Cube:(0.87, 0.77, 0.43) pos:(3.04, 0.77, 1.72)
Cube:(0.87, 0.77, 0.43) pos:(3.04, 1.54, 1.29)
Cube:(0.87, 0.77, 0.43) pos:(3.04, 1.54, 1.72)
Cube:(0.87, 0.77, 0.43) pos:(3.08, 0.77, 1.72)
Cube:(1.0, 0.8, 0.72) pos:(3.88, 0.0, 1.29)
Cube:(1.0, 0.8, 0.72) pos:(3.88, 0.8, 1.29)
Cube:(1.0, 0.8, 0.72) pos:(3.91, 0.0, 1.15)
Cube:(1.0, 0.8, 0.72) pos:(3.91, 0.8, 1.15)
Cube:(1.0, 0.8, 0.72) pos:(3.95, 0.0, 1.44)
Cube:(1.0, 0.8, 0.72) pos:(3.95, 0.8, 1.44)
Cube:(0.83, 0.4, 0.36) pos:(3.42, 1.6, 1.72)
Cube:(0.83, 0.4, 0.36) pos:(3.84, 1.6, 1.65)
Cube:(0.83, 0.4, 0.36) pos:(3.88, 1.6, 1.58)
Cube:(0.83, 0.4, 0.36) pos:(3.91, 1.6, 1.08)
Cube:(0.83, 0.4, 0.36) pos:(3.91, 1.6, 1.44)
Cube:(0.83, 0.4, 0.36) pos:(3.91, 1.6, 1.8)
Cube:(0.83, 0.4, 0.36) pos:(4.25, 1.6, 1.8)
Cube:(0.83, 0.4, 0.36) pos:(4.67, 1.6, 1.8)
Cube:(0.83, 0.4, 0.36) pos:(4.71, 1.6, 1.8)
Cube:(0.83, 0.4, 0.36) pos:(4.74, 1.6, 1.08)
Cube:(0.83, 0.4, 0.36) pos:(4.74, 1.6, 1.44)
Cube:(0.83, 0.4, 0.36) pos:(4.74, 1.6, 1.8)
Cube:(0.83, 0.4, 0.36) pos:(4.88, 0.0, 1.44)
Cube:(0.83, 0.4, 0.36) pos:(4.88, 0.0, 1.8)
Cube:(0.83, 0.4, 0.36) pos:(4.88, 0.4, 1.44)
Cube:(0.83, 0.4, 0.36) pos:(4.88, 0.4, 1.8)
Cube:(0.83, 0.4, 0.36) pos:(4.88, 0.8, 1.44)
Cube:(0.83, 0.4, 0.36) pos:(4.88, 0.8, 1.8)
Cube:(0.83, 0.4, 0.36) pos:(4.88, 1.2, 1.44)
Cube:(0.83, 0.4, 0.36) pos:(4.88, 1.2, 1.8)
Cube:(0.83, 0.4, 0.36) pos:(4.91, 0.0, 1.44)
Cube:(0.83, 0.4, 0.36) pos:(4.91, 0.0, 1.8)
Cube:(0.83, 0.4, 0.36) pos:(4.91, 0.4, 1.44)
Cube:(0.83, 0.4, 0.36) pos:(4.91, 0.4, 1.8)