Cube:(0.9, 0.7, 0.63) pos:(0.0, 0.0, 0.0)
Cube:(0.9, 0.7, 0.63) pos:(0.0, 0.0, 0.63)
Cube:(0.9, 0.7, 0.63) pos:(0.0, 0.0, 1.26)
Cube:(0.9, 0.7, 0.63) pos:(0.0, 0.7, 0.0)
Cube:(0.9, 0.7, 0.63) pos:(0.01, 0.7, 0.63)
Cube:(0.9, 0.7, 0.63) pos:(0.09, 0.7, 1.26)
Cube:(0.9, 0.7, 0.63) pos:(0.17, 1.4, 0.0)
Cube:(0.9, 0.7, 0.63) pos:(0.24, 1.4, 0.63)
Cube:(0.9, 0.7, 0.63) pos:(0.32, 1.4, 1.26)
Cube:(0.9, 0.7, 0.63) pos:(0.9, 0.0, 0.0)
Cube:(0.9, 0.7, 0.63) pos:(0.9, 0.0, 0.63)
Cube:(0.9, 0.7, 0.63) pos:(0.9, 0.0, 1.26)
Cube:(0.9, 0.7, 0.63) pos:(0.9, 0.7, 1.26)
Cube:(0.9, 0.7, 0.63) pos:(0.91, 0.7, 1.26)
Cube:(0.9, 0.7, 0.63) pos:(0.99, 0.7, 1.26)
Cube:(0.9, 0.7, 0.63) pos:(1.07, 1.4, 1.26)
Cube:(0.84, 0.78, 0.28) pos:(0.94, 0.0, 1.89)
Cube:(0.84, 0.78, 0.28) pos:(0.98, 0.78, 1.89)
Cube:(0.84, 0.78, 0.28) pos:(1.14, 1.4, 1.54)
Cube:(0.84, 0.78, 0.28) pos:(1.14, 1.4, 1.82)
Cube:(0.84, 0.78, 0.28) pos:(1.22, 1.4, 1.47)
Cube:(0.84, 0.78, 0.28) pos:(1.22, 1.4, 1.75)
Cube:(0.84, 0.78, 0.28) pos:(1.78, 0.0, 1.89)
Cube:(0.84, 0.78, 0.28) pos:(1.8, 0.0, 1.54)
Cube:(0.84, 0.78, 0.28) pos:(1.8, 0.0, 1.82)
Cube:(0.84, 0.78, 0.28) pos:(1.81, 0.0, 1.47)
Cube:(0.84, 0.78, 0.28) pos:(1.81, 0.0, 1.75)
Cube:(0.84, 0.78, 0.28) pos:(1.82, 0.78, 1.75)
Cube:(0.84, 0.78, 0.28) pos:(1.89, 0.0, 1.4)
Cube:(0.84, 0.78, 0.28) pos:(1.89, 0.0, 1.68)
Cube:(0.84, 0.78, 0.28) pos:(1.97, 0.78, 1.4)
Cube:(0.84, 0.78, 0.28) pos:(1.97, 0.78, 1.68)
Cube:(0.84, 0.78, 0.28) pos:(1.98, 0.78, 1.4)
Cube:(0.84, 0.78, 0.28) pos:(1.98, 0.78, 1.68)
Cube:(0.84, 0.78, 0.28) pos:(2.06, 0.78, 1.4)
Cube:(0.84, 0.78, 0.28) pos:(2.06, 0.78, 1.68)
Cube:(0.84, 0.78, 0.28) pos:(2.62, 0.0, 1.68)
Cube:(0.84, 0.78, 0.28) pos:(2.64, 0.0, 1.4)
Cube:(0.84, 0.78, 0.28) pos:(2.64, 0.0, 1.68)
Cube:(0.84, 0.78, 0.28) pos:(2.65, 0.0, 1.4)
Cube:(0.84, 0.78, 0.28) pos:(2.65, 0.0, 1.68)
Cube:(0.84, 0.78, 0.28) pos:(2.66, 0.78, 1.68)
Cube:(0.84, 0.78, 0.28) pos:(2.73, 0.0, 1.4)
Cube:(0.84, 0.78, 0.28) pos:(2.73, 0.0, 1.68)
Cube:(0.94, 0.85, 0.39) pos:(2.81, 0.78, 1.4)
Cube:(0.94, 0.85, 0.39) pos:(2.81, 0.78, 1.79)
Cube:(0.94, 0.85, 0.39) pos:(2.82, 0.78, 1.62)
Cube:(0.94, 0.85, 0.39) pos:(2.9, 0.78, 1.45)
Cube:(0.94, 0.85, 0.39) pos:(3.5, 0.0, 1.56)
Cube:(0.94, 0.85, 0.39) pos:(3.5, 0.85, 1.56)
Cube:(0.94, 0.85, 0.39) pos:(3.75, 0.0, 1.17)
Cube:(0.94, 0.85, 0.39) pos:(3.75, 0.0, 1.56)
Cube:(0.94, 0.85, 0.39) pos:(3.75, 0.85, 1.17)
Cube:(0.94, 0.85, 0.39) pos:(3.75, 0.85, 1.56)
Cube:(0.94, 0.85, 0.39) pos:(3.76, 0.0, 1.56)
Cube:(0.94, 0.85, 0.39) pos:(3.76, 0.85, 1.56)
Cube:(0.94, 0.85, 0.39) pos:(3.84, 0.0, 1.56)
Cube:(0.94, 0.85, 0.39) pos:(3.84, 0.85, 1.56)
Cube:(0.94, 0.85, 0.39) pos:(4.44, 0.0, 1.56)
Cube:(0.94, 0.85, 0.39) pos:(4.44, 0.85, 1.56)
Cube:(0.94, 0.85, 0.39) pos:(4.69, 0.0, 1.17)
Cube:(0.94, 0.85, 0.39) pos:(4.69, 0.0, 1.56)
Cube:(0.94, 0.85, 0.39) pos:(4.69, 0.85, 1.17)
Cube:(0.94, 0.85, 0.39) pos:(4.69, 0.85, 1.56)
Cube:(0.8, 0.76, 0.54) pos:(4.7, 0.0, 1.56)
Cube:(0.8, 0.76, 0.54) pos:(4.7, 0.76, 1.56)
Cube:(0.8, 0.76, 0.54) pos:(4.7, 1.52, 1.56)
Cube:(0.69, 0.5, 0.45) pos:(3.35, 1.7, 0.0)
Cube:(0.69, 0.5, 0.45) pos:(3.38, 1.7, 0.45)
Cube:(0.69, 0.5, 0.45) pos:(3.41, 1.7, 0.9)
Cube:(0.69, 0.5, 0.45) pos:(3.44, 1.7, 1.35)
Cube:(0.69, 0.5, 0.45) pos:(4.04, 1.7, 1.35)
Cube:(0.69, 0.5, 0.45) pos:(4.07, 1.7, 1.35)
Cube:(0.69, 0.5, 0.45) pos:(4.1, 1.7, 1.44)
Cube:(0.69, 0.5, 0.45) pos:(4.73, 1.7, 1.44)
Cube:(0.69, 0.5, 0.45) pos:(4.76, 1.7, 1.44)
Cube:(0.69, 0.5, 0.45) pos:(4.78, 0.0, 1.71)
Cube:(0.69, 0.5, 0.45) pos:(4.78, 0.5, 1.71)
Cube:(0.69, 0.5, 0.45) pos:(4.78, 1.0, 1.71)
Cube:(0.69, 0.5, 0.45) pos:(4.79, 1.5, 1.71)