Cube:(0.74, 0.63, 0.61) pos:(0.0, 0.0, 0.0)
Cube:(0.74, 0.63, 0.61) pos:(0.0, 0.0, 0.61)
Cube:(0.74, 0.63, 0.61) pos:(0.0, 0.0, 1.22)
Cube:(0.74, 0.63, 0.61) pos:(0.0, 0.63, 0.0)
Cube:(0.74, 0.63, 0.61) pos:(0.0, 0.63, 0.61)
Cube:(0.74, 0.63, 0.61) pos:(0.0, 0.63, 1.22)
Cube:(0.74, 0.63, 0.61) pos:(0.03, 1.26, 0.0)
Cube:(0.74, 0.63, 0.61) pos:(0.09, 1.26, 0.61)
Cube:(0.74, 0.63, 0.61) pos:(0.15, 1.26, 1.22)
Cube:(0.74, 0.63, 0.61) pos:(0.74, 0.0, 0.0)
Cube:(0.74, 0.63, 0.61) pos:(0.74, 0.0, 0.61)
Cube:(0.74, 0.63, 0.61) pos:(0.74, 0.0, 1.22)
Cube:(0.74, 0.63, 0.61) pos:(0.74, 0.63, 0.0)
Cube:(0.74, 0.63, 0.61) pos:(0.74, 0.63, 0.61)
Cube:(0.74, 0.63, 0.61) pos:(0.74, 0.63, 1.22)
Cube:(0.74, 0.63, 0.61) pos:(0.77, 1.26, 1.22)
Cube:(0.74, 0.63, 0.61) pos:(0.83, 1.26, 1.22)
Cube:(0.74, 0.63, 0.61) pos:(0.89, 1.26, 1.22)
Cube:(0.74, 0.63, 0.61) pos:(1.48, 0.0, 0.0)
Cube:(0.74, 0.63, 0.61) pos:(1.48, 0.0, 0.61)
Cube:(0.74, 0.63, 0.61) pos:(1.48, 0.0, 1.22)
Cube:(0.74, 0.63, 0.61) pos:(1.48, 0.63, 0.0)
Cube:(0.71, 0.6, 0.25) pos:(0.92, 0.0, 1.83)
Cube:(0.71, 0.6, 0.25) pos:(0.94, 0.6, 1.83)
Cube:(0.71, 0.6, 0.25) pos:(0.96, 1.2, 1.83)
Cube:(0.71, 0.6, 0.25) pos:(1.48, 0.63, 0.86)
Cube:(0.71, 0.6, 0.25) pos:(1.48, 0.63, 1.11)
Cube:(0.71, 0.6, 0.25) pos:(1.48, 0.63, 1.36)
Cube:(0.71, 0.6, 0.25) pos:(1.48, 0.63, 1.61)
Cube:(0.71, 0.6, 0.25) pos:(1.48, 0.63, 1.86)
Cube:(0.71, 0.6, 0.25) pos:(1.51, 1.23, 1.47)
Cube:(0.71, 0.6, 0.25) pos:(1.51, 1.23, 1.72)
Cube:(0.71, 0.6, 0.25) pos:(1.57, 1.23, 1.36)
Cube:(0.71, 0.6, 0.25) pos:(1.57, 1.23, 1.61)
Cube:(1.06, 0.8, 0.59) pos:(1.63, 1.26, 1.25)
Cube:(1.06, 0.8, 0.59) pos:(1.67, 1.23, 1.61)
Cube:(1.06, 0.8, 0.59) pos:(2.22, 0.0, 0.0)
Cube:(1.06, 0.8, 0.59) pos:(2.22, 0.0, 0.59)
Cube:(1.06, 0.8, 0.59) pos:(2.22, 0.0, 1.18)
Cube:(1.06, 0.8, 0.59) pos:(2.28, 0.8, 1.18)
Cube:(1.06, 0.8, 0.59) pos:(2.69, 0.8, 1.18)
Cube:(1.06, 0.8, 0.59) pos:(2.73, 0.8, 1.18)
Cube:(1.06, 0.8, 0.59) pos:(3.28, 0.0, 0.0)
Cube:(1.06, 0.8, 0.59) pos:(3.28, 0.0, 0.59)
Cube:(1.06, 0.8, 0.59) pos:(3.28, 0.0, 1.18)
Cube:(1.06, 0.8, 0.59) pos:(3.34, 0.8, 1.18)
Cube:(1.06, 0.8, 0.59) pos:(3.75, 0.8, 1.18)
Cube:(1.06, 0.8, 0.59) pos:(3.79, 0.8, 1.18)
Cube:(1.06, 0.8, 0.59) pos:(4.34, 0.0, 0.0)
Cube:(1.06, 0.8, 0.59) pos:(4.34, 0.0, 0.59)
Cube:(1.06, 0.8, 0.59) pos:(4.34, 0.0, 1.18)
Cube:(1.06, 0.8, 0.59) pos:(4.4, 0.8, 1.18)
Cube:(1.06, 0.8, 0.59) pos:(4.81, 0.8, 1.18)
Cube:(1.09, 0.76, 0.42) pos:(3.03, 0.0, 1.77)
Cube:(1.09, 0.76, 0.42) pos:(3.09, 0.76, 1.77)
Cube:(1.09, 0.76, 0.42) pos:(3.16, 1.52, 1.77)
Cube:(1.09, 0.76, 0.42) pos:(4.12, 0.0, 1.77)
Cube:(1.09, 0.76, 0.42) pos:(4.18, 0.76, 1.77)
Cube:(1.09, 0.76, 0.42) pos:(4.25, 1.52, 1.77)
Cube:(1.18, 0.56, 0.22) pos:(3.43, 1.6, 0.42)
Cube:(1.18, 0.56, 0.22) pos:(3.46, 1.6, 0.64)
Cube:(1.18, 0.56, 0.22) pos:(3.49, 1.6, 0.86)
Cube:(1.18, 0.56, 0.22) pos:(3.52, 1.6, 1.08)
Cube:(1.18, 0.56, 0.22) pos:(3.55, 1.6, 1.3)
Cube:(1.18, 0.56, 0.22) pos:(3.57, 1.6, 1.52)
Cube:(1.18, 0.56, 0.22) pos:(3.6, 1.6, 1.74)
Cube:(1.18, 0.56, 0.22) pos:(3.63, 1.6, 1.96)
Cube:(1.18, 0.56, 0.22) pos:(4.61, 1.6, 1.96)
Cube:(1.18, 0.56, 0.22) pos:(4.64, 1.6, 1.96)
Cube:(1.18, 0.56, 0.22) pos:(4.67, 1.6, 1.96)