Cube:(1.08, 0.76, 0.3) pos:(0.0, 0.0, 0.0)
Cube:(1.08, 0.76, 0.3) pos:(0.0, 0.0, 0.3)
Cube:(1.08, 0.76, 0.3) pos:(0.0, 0.0, 0.6)
Cube:(1.08, 0.76, 0.3) pos:(0.0, 0.0, 0.9)
Cube:(1.08, 0.76, 0.3) pos:(0.0, 0.0, 1.2)
Cube:(1.08, 0.76, 0.3) pos:(0.0, 0.0, 1.5)
Cube:(1.08, 0.76, 0.3) pos:(0.0, 0.0, 1.8)
Cube:(1.08, 0.76, 0.3) pos:(0.04, 0.76, 0.0)
Cube:(1.08, 0.76, 0.3) pos:(0.09, 0.76, 0.3)
Cube:(1.08, 0.76, 0.3) pos:(0.13, 0.76, 0.6)
Cube:(1.08, 0.76, 0.3) pos:(0.18, 0.76, 0.9)
Cube:(1.08, 0.76, 0.3) pos:(0.23, 0.76, 1.2)
Cube:(1.08, 0.76, 0.3) pos:(0.28, 0.76, 1.5)
Cube:(1.08, 0.76, 0.3) pos:(0.33, 0.76, 1.8)
Cube:(1.08, 0.76, 0.3) pos:(0.37, 1.52, 0.0)
Cube:(1.08, 0.76, 0.3) pos:(0.42, 1.52, 0.3)
Cube:(1.08, 0.76, 0.3) pos:(0.47, 1.52, 0.6)
Cube:(1.08, 0.76, 0.3) pos:(0.52, 1.52, 0.9)
Cube:(1.08, 0.76, 0.3) pos:(0.57, 1.52, 1.2)
Cube:(1.08, 0.76, 0.3) pos:(0.61, 1.52, 1.5)
Cube:(1.08, 0.76, 0.3) pos:(0.66, 1.52, 1.8)
Cube:(1.08, 0.76, 0.3) pos:(1.08, 0.0, 0.0)
Cube:(1.08, 0.76, 0.3) pos:(1.08, 0.0, 0.3)
Cube:(1.08, 0.76, 0.3) pos:(1.08, 0.0, 0.6)
Cube:(1.1, 0.43, 0.25) pos:(1.08, 0.0, 0.9)
Cube:(1.1, 0.43, 0.25) pos:(1.08, 0.0, 1.15)
Cube:(1.1, 0.43, 0.25) pos:(1.08, 0.0, 1.4)
Cube:(1.1, 0.43, 0.25) pos:(1.08, 0.0, 1.65)
Cube:(1.1, 0.43, 0.25) pos:(1.08, 0.0, 1.9)
Cube:(1.1, 0.43, 0.25) pos:(1.12, 0.43, 1.8)
Cube:(1.1, 0.43, 0.25) pos:(1.12, 0.86, 1.8)
Cube:(1.1, 0.43, 0.25) pos:(1.17, 0.43, 1.75)
Cube:(1.1, 0.43, 0.25) pos:(1.17, 0.86, 1.75)
Cube:(0.92, 0.81, 0.55) pos:(1.26, 0.43, 1.4)
Cube:(0.92, 0.81, 0.55) pos:(1.5, 0.76, 1.5)
Cube:(0.92, 0.81, 0.55) pos:(1.6, 0.76, 1.6)
Cube:(0.92, 0.81, 0.55) pos:(1.69, 1.24, 1.6)
Cube:(0.92, 0.81, 0.55) pos:(1.74, 1.29, 1.65)
Cube:(0.92, 0.81, 0.55) pos:(2.18, 0.0, 1.6)
Cube:(0.92, 0.81, 0.55) pos:(2.27, 0.0, 1.65)
Cube:(0.92, 0.81, 0.55) pos:(2.42, 0.0, 1.65)
Cube:(0.81, 0.33, 0.28) pos:(1.7, 1.57, 1.1)
Cube:(0.81, 0.33, 0.28) pos:(1.72, 1.57, 1.38)
Cube:(0.81, 0.33, 0.28) pos:(1.73, 1.57, 1.66)
Cube:(0.81, 0.33, 0.28) pos:(1.75, 1.9, 1.1)
Cube:(0.81, 0.33, 0.28) pos:(1.76, 1.9, 1.38)
Cube:(0.81, 0.33, 0.28) pos:(1.77, 1.9, 1.66)
Cube:(0.81, 0.33, 0.28) pos:(2.16, 0.0, 1.65)
Cube:(0.81, 0.33, 0.28) pos:(2.16, 0.33, 1.65)
Cube:(0.81, 0.33, 0.28) pos:(2.18, 0.81, 1.6)
Cube:(0.81, 0.33, 0.28) pos:(2.18, 0.81, 1.88)
Cube:(0.81, 0.33, 0.28) pos:(2.22, 0.81, 1.91)
Cube:(1.2, 0.99, 0.73) pos:(2.53, 0.81, 1.38)
Cube:(1.2, 0.99, 0.73) pos:(2.61, 1.14, 1.28)
Cube:(1.2, 0.99, 0.73) pos:(2.66, 1.14, 1.46)
Cube:(1.2, 0.99, 0.73) pos:(3.1, 0.0, 1.1)
Cube:(1.2, 0.99, 0.73) pos:(3.19, 0.0, 1.46)
Cube:(1.2, 0.99, 0.73) pos:(3.73, 0.0, 1.46)
Cube:(1.2, 0.99, 0.73) pos:(3.73, 0.99, 1.46)
Cube:(1.2, 0.99, 0.73) pos:(3.81, 0.99, 1.46)
Cube:(1.2, 0.99, 0.73) pos:(3.86, 0.99, 1.46)
Cube:(1.2, 0.99, 0.73) pos:(4.3, 0.0, 1.46)
Cube:(1.2, 0.99, 0.73) pos:(4.39, 0.0, 1.46)