Cube:(0.97, 0.81, 0.27) pos:(0.0, 0.0, 0.0)
Cube:(0.97, 0.81, 0.27) pos:(0.0, 0.0, 0.27)
Cube:(0.97, 0.81, 0.27) pos:(0.0, 0.0, 0.54)
Cube:(0.97, 0.81, 0.27) pos:(0.0, 0.0, 0.81)
Cube:(0.97, 0.81, 0.27) pos:(0.0, 0.0, 1.08)
Cube:(0.97, 0.81, 0.27) pos:(0.0, 0.0, 1.35)
Cube:(0.97, 0.81, 0.27) pos:(0.0, 0.0, 1.62)
Cube:(0.97, 0.81, 0.27) pos:(0.0, 0.0, 1.89)
Cube:(0.97, 0.81, 0.27) pos:(0.03, 0.81, 0.0)
Cube:(0.97, 0.81, 0.27) pos:(0.07, 0.81, 0.27)
Cube:(1.02, 0.78, 0.39) pos:(0.12, 0.81, 0.54)
Cube:(1.02, 0.78, 0.39) pos:(0.18, 0.81, 0.93)
Cube:(1.02, 0.78, 0.39) pos:(0.24, 0.81, 1.32)
Cube:(1.02, 0.78, 0.39) pos:(0.3, 0.81, 1.71)
Cube:(1.02, 0.78, 0.39) pos:(0.97, 0.0, 0.0)
Cube:(1.02, 0.78, 0.39) pos:(0.97, 0.0, 0.39)
Cube:(1.02, 0.78, 0.39) pos:(0.97, 0.0, 0.78)
Cube:(1.02, 0.78, 0.39) pos:(0.97, 0.0, 1.17)
Cube:(1.02, 0.78, 0.39) pos:(0.97, 0.0, 1.56)
Cube:(1.02, 0.78, 0.39) pos:(1.04, 0.78, 1.56)
Cube:(1.02, 0.78, 0.39) pos:(1.14, 0.78, 1.56)
Cube:(1.02, 0.78, 0.39) pos:(1.2, 0.78, 1.56)
Cube:(1.02, 0.78, 0.39) pos:(1.26, 0.78, 1.56)
Cube:(1.02, 0.78, 0.39) pos:(1.32, 0.78, 1.56)
Cube:(1.02, 0.78, 0.39) pos:(1.99, 0.0, 0.0)
Cube:(1.02, 0.78, 0.39) pos:(1.99, 0.0, 0.39)
Cube:(1.02, 0.78, 0.39) pos:(1.99, 0.0, 0.78)
Cube:(1.02, 0.78, 0.39) pos:(1.99, 0.0, 1.17)
Cube:(1.02, 0.78, 0.39) pos:(1.99, 0.0, 1.56)
Cube:(1.02, 0.78, 0.39) pos:(2.06, 0.78, 1.56)
Cube:(1.13, 0.46, 0.36) pos:(1.33, 1.56, 0.0)
Cube:(1.13, 0.46, 0.36) pos:(1.36, 1.56, 0.36)
Cube:(1.13, 0.46, 0.36) pos:(1.4, 1.56, 0.72)
Cube:(1.13, 0.46, 0.36) pos:(1.44, 1.56, 1.08)
Cube:(1.13, 0.46, 0.36) pos:(1.47, 1.56, 1.44)
Cube:(1.13, 0.46, 0.36) pos:(1.51, 1.56, 1.8)
Cube:(1.13, 0.46, 0.36) pos:(2.16, 0.78, 1.56)
Cube:(1.13, 0.46, 0.36) pos:(2.22, 0.78, 1.53)
Cube:(1.13, 0.46, 0.36) pos:(2.28, 0.78, 1.5)
Cube:(1.13, 0.46, 0.36) pos:(2.34, 0.78, 1.47)
Cube:(1.13, 0.46, 0.36) pos:(2.34, 0.78, 1.83)
Cube:(1.13, 0.46, 0.36) pos:(2.46, 1.24, 1.8)
Cube:(1.13, 0.46, 0.36) pos:(2.46, 1.7, 1.8)
Cube:(1.13, 0.46, 0.36) pos:(2.49, 1.24, 1.8)
Cube:(1.13, 0.46, 0.36) pos:(2.49, 1.7, 1.8)
Cube:(1.13, 0.46, 0.36) pos:(2.53, 1.24, 1.8)
Cube:(1.13, 0.46, 0.36) pos:(2.53, 1.7, 1.8)
Cube:(1.13, 0.46, 0.36) pos:(2.57, 1.24, 1.8)
Cube:(0.66, 0.5, 0.42) pos:(2.6, 1.7, 1.44)
Cube:(0.66, 0.5, 0.42) pos:(2.64, 1.56, 1.5)
Cube:(0.66, 0.5, 0.42) pos:(3.01, 0.0, 0.0)
Cube:(0.66, 0.5, 0.42) pos:(3.01, 0.0, 0.42)
Cube:(0.66, 0.5, 0.42) pos:(3.01, 0.0, 0.84)
Cube:(0.66, 0.5, 0.42) pos:(3.01, 0.0, 1.26)
Cube:(0.66, 0.5, 0.42) pos:(3.01, 0.0, 1.68)
Cube:(0.66, 0.5, 0.42) pos:(3.26, 1.7, 1.5)
Cube:(0.66, 0.5, 0.42) pos:(3.29, 0.5, 1.44)
Cube:(0.66, 0.5, 0.42) pos:(3.29, 1.0, 1.44)
Cube:(0.66, 0.5, 0.42) pos:(3.3, 1.5, 1.5)
Cube:(0.66, 0.5, 0.42) pos:(3.35, 0.5, 1.5)
Cube:(0.66, 0.5, 0.42) pos:(3.41, 0.5, 1.56)
Cube:(0.66, 0.5, 0.42) pos:(3.47, 0.5, 1.26)
Cube:(0.66, 0.5, 0.42) pos:(3.47, 0.5, 1.68)
Cube:(0.66, 0.5, 0.42) pos:(3.59, 1.0, 1.5)
Cube:(0.66, 0.5, 0.42) pos:(3.59, 1.5, 1.56)
Cube:(0.66, 0.5, 0.42) pos:(3.62, 1.0, 1.56)
Cube:(0.66, 0.5, 0.42) pos:(3.62, 1.5, 1.62)
Cube:(0.66, 0.5, 0.42) pos:(3.66, 1.0, 1.62)
Cube:(0.66, 0.5, 0.42) pos:(3.66, 1.5, 1.68)
Cube:(1.01, 0.3, 0.26) pos:(2.55, 1.24, 1.86)
Cube:(1.01, 0.3, 0.26) pos:(2.57, 1.7, 1.92)
Cube:(1.01, 0.3, 0.26) pos:(2.58, 2.0, 1.92)
Cube:(1.01, 0.3, 0.26) pos:(3.3, 2.0, 1.76)
Cube:(1.01, 0.3, 0.26) pos:(3.59, 2.0, 1.4)
Cube:(1.01, 0.3, 0.26) pos:(3.59, 2.0, 1.66)
Cube:(1.01, 0.3, 0.26) pos:(3.59, 2.0, 1.92)
Cube:(1.01, 0.3, 0.26) pos:(3.62, 2.0, 1.82)
Cube:(1.01, 0.3, 0.26) pos:(3.66, 2.0, 1.72)
Cube:(1.01, 0.3, 0.26) pos:(3.67, 0.0, 0.0)
Cube:(1.01, 0.3, 0.26) pos:(3.67, 0.0, 0.26)
Cube:(1.01, 0.3, 0.26) pos:(3.67, 0.0, 0.52)
Cube:(1.01, 0.3, 0.26) pos:(3.67, 0.0, 0.78)
Cube:(1.01, 0.3, 0.26) pos:(3.67, 0.0, 1.04)
Cube:(1.01, 0.3, 0.26) pos:(3.67, 0.0, 1.3)
Cube:(1.01, 0.3, 0.26) pos:(3.67, 0.0, 1.56)
Cube:(1.0, 0.56, 0.35) pos:(3.7, 1.0, 1.68)
Cube:(1.0, 0.56, 0.35) pos:(3.92, 1.56, 1.68)
Cube:(1.0, 0.56, 0.35) pos:(3.95, 0.0, 1.82)
Cube:(1.0, 0.56, 0.35) pos:(3.95, 0.56, 1.68)
Cube:(1.0, 0.56, 0.35) pos:(3.96, 1.12, 1.61)
Cube:(1.0, 0.56, 0.35) pos:(4.01, 0.3, 1.61)
Cube:(1.0, 0.56, 0.35) pos:(4.07, 0.3, 1.54)
Cube:(1.0, 0.56, 0.35) pos:(4.13, 0.3, 1.05)
Cube:(1.0, 0.56, 0.35) pos:(4.13, 0.3, 1.4)
Cube:(1.0, 0.56, 0.35) pos:(4.13, 0.3, 1.75)
Cube:(1.0, 0.56, 0.35) pos:(4.25, 0.86, 1.54)
Cube:(1.0, 0.56, 0.35) pos:(4.25, 1.42, 1.54)
Cube:(1.0, 0.56, 0.35) pos:(4.28, 0.86, 1.47)
Cube:(1.0, 0.56, 0.35) pos:(4.28, 0.86, 1.82)
Cube:(1.0, 0.56, 0.35) pos:(4.28, 1.42, 1.47)
Cube:(1.0, 0.56, 0.35) pos:(4.28, 1.42, 1.82)
Cube:(1.0, 0.56, 0.35) pos:(4.31, 1.68, 1.82)
Cube:(0.91, 0.5, 0.4) pos:(4.32, 0.86, 1.75)
Cube:(0.91, 0.5, 0.4) pos:(4.32, 1.36, 1.75)
Cube:(0.91, 0.5, 0.4) pos:(4.7, 0.86, 1.8)
Cube:(0.91, 0.5, 0.4) pos:(4.92, 1.36, 1.8)
Cube:(0.91, 0.5, 0.4) pos:(4.95, 0.0, 1.75)