Cube:(0.88, 0.54, 0.39) pos:(0.0, 0.0, 0.0)
Cube:(0.88, 0.54, 0.39) pos:(0.0, 0.0, 0.39)
Cube:(0.88, 0.54, 0.39) pos:(0.0, 0.0, 0.78)
Cube:(0.88, 0.54, 0.39) pos:(0.0, 0.0, 1.17)
Cube:(0.88, 0.54, 0.39) pos:(0.0, 0.0, 1.56)
Cube:(0.88, 0.54, 0.39) pos:(0.0, 0.54, 0.0)
Cube:(0.88, 0.54, 0.39) pos:(0.0, 0.54, 0.39)
Cube:(0.88, 0.54, 0.39) pos:(0.0, 0.54, 0.78)
Cube:(0.88, 0.54, 0.39) pos:(0.0, 0.54, 1.17)
Cube:(0.88, 0.54, 0.39) pos:(0.03, 0.54, 1.56)
Cube:(0.88, 0.54, 0.39) pos:(0.06, 1.08, 0.0)
Cube:(0.88, 0.54, 0.39) pos:(0.1, 1.08, 0.39)
Cube:(0.88, 0.54, 0.39) pos:(0.14, 1.08, 0.78)
Cube:(0.88, 0.54, 0.39) pos:(0.17, 1.08, 1.17)
Cube:(0.88, 0.54, 0.39) pos:(0.21, 1.08, 1.56)
Cube:(0.88, 0.54, 0.39) pos:(0.24, 1.62, 0.0)
Cube:(0.94, 0.54, 0.36) pos:(0.28, 1.62, 0.39)
Cube:(0.94, 0.54, 0.36) pos:(0.32, 1.62, 0.75)
Cube:(0.94, 0.54, 0.36) pos:(0.35, 1.62, 1.11)
Cube:(0.94, 0.54, 0.36) pos:(0.39, 1.62, 1.47)
Cube:(0.94, 0.54, 0.36) pos:(0.42, 1.62, 1.83)
Cube:(0.94, 0.54, 0.36) pos:(0.88, 0.0, 0.0)
Cube:(0.94, 0.54, 0.36) pos:(0.88, 0.0, 0.36)
Cube:(0.94, 0.54, 0.36) pos:(0.88, 0.0, 0.72)
Cube:(0.94, 0.54, 0.36) pos:(0.88, 0.0, 1.08)
Cube:(0.94, 0.54, 0.36) pos:(0.88, 0.0, 1.44)
Cube:(0.94, 0.54, 0.36) pos:(0.88, 0.0, 1.8)
Cube:(0.94, 0.54, 0.36) pos:(0.88, 0.54, 0.39)
Cube:(0.94, 0.54, 0.36) pos:(0.88, 0.54, 0.75)
Cube:(0.94, 0.54, 0.36) pos:(0.88, 0.54, 1.11)
Cube:(0.87, 0.77, 0.43) pos:(0.94, 0.54, 1.56)
Cube:(0.87, 0.77, 0.43) pos:(0.98, 0.54, 1.6)
Cube:(0.87, 0.77, 0.43) pos:(1.22, 1.08, 1.44)
Cube:(0.87, 0.77, 0.43) pos:(1.26, 1.08, 1.51)
Cube:(0.87, 0.77, 0.43) pos:(1.29, 1.08, 1.72)
Cube:(0.87, 0.77, 0.43) pos:(1.33, 1.31, 1.65)
Cube:(0.87, 0.77, 0.43) pos:(1.36, 1.31, 1.72)
Cube:(0.87, 0.77, 0.43) pos:(1.81, 0.54, 1.72)
Cube:(0.87, 0.77, 0.43) pos:(1.82, 0.0, 0.86)
Cube:(0.87, 0.77, 0.43) pos:(1.82, 0.0, 1.29)
Cube:(0.87, 0.77, 0.43) pos:(1.82, 0.0, 1.72)
Cube:(0.87, 0.77, 0.43) pos:(1.85, 0.0, 1.72)
Cube:(0.87, 0.77, 0.43) pos:(2.09, 0.77, 1.72)
Cube:(0.87, 0.77, 0.43) pos:(2.09, 1.54, 1.72)
Cube:(0.87, 0.77, 0.43) pos:(2.13, 0.77, 1.72)
Cube:(0.87, 0.77, 0.43) pos:(2.13, 1.54, 1.72)
Cube:(0.87, 0.77, 0.43) pos:(2.16, 0.77, 1.72)
Cube:(0.87, 0.77, 0.43) pos:(2.16, 1.54, 1.72)
Cube:(0.87, 0.77, 0.43) pos:(2.2, 0.77, 1.72)
Cube:(0.87, 0.77, 0.43) pos:(2.2, 1.54, 1.72)
Cube:(1.0, 0.8, 0.72) pos:(2.96, 0.0, 1.29)
Cube:(1.0, 0.8, 0.72) pos:(2.96, 0.8, 1.29)
Cube:(1.0, 0.8, 0.72) pos:(3.03, 0.0, 1.15)
Cube:(1.0, 0.8, 0.72) pos:(3.03, 0.8, 1.15)
Cube:(1.0, 0.8, 0.72) pos:(3.07, 0.0, 1.44)
Cube:(1.0, 0.8, 0.72) pos:(3.07, 0.8, 1.44)
Cube:(1.0, 0.8, 0.72) pos:(3.96, 0.0, 1.44)
Cube:(1.0, 0.8, 0.72) pos:(3.96, 0.8, 1.44)
Cube:(1.0, 0.8, 0.72) pos:(4.03, 0.0, 1.44)
Cube:(1.0, 0.8, 0.72) pos:(4.03, 0.8, 1.44)
Cube:(1.0, 0.8, 0.72) pos:(4.07, 0.0, 1.44)
Cube:(1.0, 0.8, 0.72) pos:(4.07, 0.8, 1.44)
Cube:(0.83, 0.4, 0.36) pos:(3.25, 1.6, 0.0)
Cube:(0.83, 0.4, 0.36) pos:(3.27, 1.6, 0.36)
Cube:(0.83, 0.4, 0.36) pos:(3.3, 1.6, 0.72)
Cube:(0.83, 0.4, 0.36) pos:(3.32, 1.6, 1.08)
Cube:(0.83, 0.4, 0.36) pos:(3.34, 1.6, 1.44)
Cube:(0.83, 0.4, 0.36) pos:(3.37, 1.6, 1.8)
Cube:(0.91, 0.54, 0.22) pos:(4.08, 1.6, 1.8)
Cube:(0.91, 0.54, 0.22) pos:(4.1, 1.6, 1.66)
Cube:(0.91, 0.54, 0.22) pos:(4.1, 1.6, 1.88)
Cube:(0.91, 0.54, 0.22) pos:(4.13, 1.6, 1.74)
Cube:(0.91, 0.54, 0.22) pos:(4.13, 1.6, 1.96)
Cube:(0.91, 0.54, 0.22) pos:(4.15, 1.6, 1.82)
Cube:(0.91, 0.54, 0.22) pos:(4.17, 1.6, 1.68)
Cube:(0.91, 0.54, 0.22) pos:(4.17, 1.6, 1.9)
Cube:(0.91, 0.54, 0.22) pos:(4.2, 1.6, 1.76)
Cube:(0.91, 0.54, 0.22) pos:(4.2, 1.6, 1.98)
Cube:(0.91, 0.54, 0.22) pos:(4.96, 0.0, 1.44)
Cube:(0.91, 0.54, 0.22) pos:(4.96, 0.0, 1.66)
Cube:(0.91, 0.54, 0.22) pos:(4.96, 0.0, 1.88)
Cube:(0.91, 0.54, 0.22) pos:(4.96, 0.54, 1.44)
Cube:(0.91, 0.54, 0.22) pos:(4.96, 0.54, 1.66)