Cube:(0.49, 0.25, 0.21) pos:(0.0, 0.0, 0.0)
Cube:(0.49, 0.25, 0.21) pos:(0.0, 0.0, 0.21)
Cube:(0.49, 0.25, 0.21) pos:(0.0, 0.0, 0.42)
Cube:(0.49, 0.25, 0.21) pos:(0.0, 0.0, 0.63)
Cube:(0.49, 0.25, 0.21) pos:(0.0, 0.0, 0.84)
Cube:(0.49, 0.25, 0.21) pos:(0.0, 0.0, 1.05)
Cube:(0.49, 0.25, 0.21) pos:(0.0, 0.0, 1.26)
Cube:(0.49, 0.25, 0.21) pos:(0.0, 0.0, 1.47)
Cube:(0.49, 0.25, 0.21) pos:(0.0, 0.0, 1.68)
Cube:(0.49, 0.25, 0.21) pos:(0.0, 0.0, 1.89)
Cube:(0.49, 0.25, 0.21) pos:(0.0, 0.25, 0.0)
Cube:(0.49, 0.25, 0.21) pos:(0.0, 0.25, 0.21)
Cube:(0.49, 0.25, 0.21) pos:(0.0, 0.25, 0.42)
Cube:(0.49, 0.25, 0.21) pos:(0.0, 0.25, 0.63)
Cube:(0.49, 0.25, 0.21) pos:(0.0, 0.25, 0.84)
Cube:(0.49, 0.25, 0.21) pos:(0.0, 0.25, 1.05)
Cube:(0.6, 0.51, 0.41) pos:(0.0, 0.25, 1.26)
Cube:(0.6, 0.51, 0.41) pos:(0.0, 0.25, 1.67)
Cube:(0.6, 0.51, 0.41) pos:(0.0, 0.5, 0.82)
Cube:(0.6, 0.51, 0.41) pos:(0.0, 0.5, 1.23)
Cube:(0.6, 0.51, 0.41) pos:(0.0, 0.5, 1.64)
Cube:(0.6, 0.51, 0.41) pos:(0.0, 0.76, 1.23)
Cube:(0.6, 0.51, 0.41) pos:(0.0, 0.76, 1.64)
Cube:(0.6, 0.51, 0.41) pos:(0.0, 1.01, 0.82)
Cube:(1.03, 0.76, 0.64) pos:(0.0, 1.01, 1.23)
Cube:(1.03, 0.76, 0.64) pos:(0.08, 1.27, 1.05)
Cube:(1.03, 0.76, 0.64) pos:(0.17, 1.52, 1.28)
Cube:(1.03, 0.76, 0.64) pos:(0.6, 0.0, 0.0)
Cube:(1.03, 0.76, 0.64) pos:(0.6, 0.0, 0.64)
Cube:(1.03, 0.76, 0.64) pos:(0.6, 0.0, 1.28)
Cube:(1.03, 0.76, 0.64) pos:(0.6, 0.76, 1.28)
Cube:(1.03, 0.76, 0.64) pos:(1.03, 0.76, 1.28)
Cube:(1.03, 0.76, 0.64) pos:(1.03, 1.52, 1.28)
Cube:(1.03, 0.76, 0.64) pos:(1.11, 0.76, 1.28)
Cube:(1.03, 0.76, 0.64) pos:(1.11, 1.52, 1.28)
Cube:(1.03, 0.76, 0.64) pos:(1.2, 1.52, 1.28)
Cube:(1.03, 0.76, 0.64) pos:(1.63, 0.0, 0.0)
Cube:(1.03, 0.76, 0.64) pos:(1.63, 0.0, 0.64)
Cube:(1.03, 0.76, 0.64) pos:(1.63, 0.0, 1.28)
Cube:(1.03, 0.76, 0.64) pos:(1.63, 0.76, 1.28)
Cube:(0.95, 0.7, 0.62) pos:(2.06, 0.76, 1.28)
Cube:(0.95, 0.7, 0.62) pos:(2.06, 1.46, 1.28)
Cube:(0.95, 0.7, 0.62) pos:(2.14, 0.76, 1.26)
Cube:(0.95, 0.7, 0.62) pos:(2.14, 1.46, 1.26)
Cube:(0.95, 0.7, 0.62) pos:(2.23, 1.52, 1.24)
Cube:(0.95, 0.7, 0.62) pos:(2.66, 0.0, 0.0)
Cube:(0.95, 0.7, 0.62) pos:(2.66, 0.0, 0.62)
Cube:(0.95, 0.7, 0.62) pos:(2.66, 0.0, 1.24)
Cube:(0.95, 0.7, 0.62) pos:(2.66, 0.7, 1.24)
Cube:(0.95, 0.7, 0.62) pos:(3.01, 0.7, 1.24)
Cube:(0.95, 0.7, 0.62) pos:(3.01, 1.4, 1.24)
Cube:(0.95, 0.7, 0.62) pos:(3.09, 0.7, 1.24)
Cube:(0.95, 0.7, 0.62) pos:(3.09, 1.4, 1.24)
Cube:(0.95, 0.7, 0.62) pos:(3.18, 1.4, 1.24)
Cube:(0.95, 0.7, 0.62) pos:(3.61, 0.0, 0.0)
Cube:(0.95, 0.7, 0.62) pos:(3.61, 0.0, 0.62)
Cube:(0.95, 0.7, 0.62) pos:(3.61, 0.0, 1.24)
Cube:(0.95, 0.7, 0.62) pos:(3.61, 0.7, 1.24)
Cube:(1.11, 0.49, 0.26) pos:(2.99, 0.0, 1.86)
Cube:(1.11, 0.49, 0.26) pos:(3.02, 0.49, 1.86)
Cube:(1.11, 0.49, 0.26) pos:(3.04, 0.98, 1.86)
Cube:(1.11, 0.49, 0.26) pos:(3.07, 1.47, 1.86)
Cube:(1.11, 0.49, 0.26) pos:(3.96, 0.7, 1.5)
Cube:(1.11, 0.49, 0.26) pos:(3.96, 0.7, 1.76)
Cube:(1.11, 0.49, 0.26) pos:(3.96, 1.19, 1.5)
Cube:(1.11, 0.49, 0.26) pos:(3.96, 1.19, 1.76)
Cube:(1.11, 0.49, 0.26) pos:(3.96, 1.68, 1.5)
Cube:(1.11, 0.49, 0.26) pos:(3.96, 1.68, 1.76)
Cube:(1.11, 0.49, 0.26) pos:(4.04, 0.7, 1.4)
Cube:(1.11, 0.49, 0.26) pos:(4.04, 0.7, 1.66)
Cube:(1.11, 0.49, 0.26) pos:(4.04, 0.7, 1.92)
Cube:(1.11, 0.49, 0.26) pos:(4.04, 1.19, 1.4)
Cube:(1.11, 0.49, 0.26) pos:(4.04, 1.19, 1.66)
Cube:(1.11, 0.49, 0.26) pos:(4.04, 1.19, 1.92)
Cube:(1.11, 0.49, 0.26) pos:(4.04, 1.68, 1.4)
Cube:(1.11, 0.49, 0.26) pos:(4.04, 1.68, 1.66)
Cube:(0.85, 0.84, 0.72) pos:(4.18, 1.4, 1.3)
Cube:(0.85, 0.84, 0.72) pos:(4.56, 0.0, 1.3)
Cube:(0.48, 0.36, 0.31) pos:(3.69, 1.96, 1.86)
Cube:(0.48, 0.36, 0.31) pos:(4.1, 0.0, 1.86)
Cube:(0.48, 0.36, 0.31) pos:(4.13, 1.68, 1.76)
Cube:(0.48, 0.36, 0.31) pos:(4.56, 0.0, 1.03)
Cube:(0.48, 0.36, 0.31) pos:(4.56, 0.0, 1.34)
Cube:(0.48, 0.36, 0.31) pos:(4.56, 0.0, 1.65)
Cube:(0.48, 0.36, 0.31) pos:(4.56, 0.84, 1.3)
Cube:(0.48, 0.36, 0.31) pos:(4.56, 0.84, 1.61)
Cube:(0.48, 0.36, 0.31) pos:(4.58, 0.0, 1.65)
Cube:(0.48, 0.36, 0.31) pos:(4.61, 1.68, 1.76)
Cube:(0.48, 0.36, 0.31) pos:(5.03, 1.2, 1.3)
Cube:(0.48, 0.36, 0.31) pos:(5.03, 1.2, 1.61)
Cube:(0.48, 0.36, 0.31) pos:(5.03, 1.56, 1.35)
Cube:(0.48, 0.36, 0.31) pos:(5.03, 1.56, 1.66)
Cube:(0.48, 0.36, 0.31) pos:(5.03, 1.92, 1.35)
Cube:(0.48, 0.36, 0.31) pos:(5.03, 1.92, 1.66)
Cube:(0.48, 0.36, 0.31) pos:(5.04, 0.0, 1.03)