Cube:(1.13, 0.92, 0.33) pos:(0.0, 0.0, 0.0)
Cube:(1.13, 0.92, 0.33) pos:(0.0, 0.0, 0.33)
Cube:(1.13, 0.92, 0.33) pos:(0.0, 0.0, 0.66)
Cube:(1.13, 0.92, 0.33) pos:(0.0, 0.0, 0.99)
Cube:(1.13, 0.92, 0.33) pos:(0.0, 0.0, 1.32)
Cube:(1.13, 0.92, 0.33) pos:(0.04, 0.0, 1.65)
Cube:(1.13, 0.92, 0.33) pos:(0.1, 0.92, 0.0)
Cube:(1.13, 0.92, 0.33) pos:(0.17, 0.92, 0.33)
Cube:(1.13, 0.92, 0.33) pos:(0.24, 0.92, 0.66)
Cube:(1.13, 0.92, 0.33) pos:(0.3, 0.92, 0.99)
Cube:(1.13, 0.92, 0.33) pos:(0.37, 0.92, 1.32)
Cube:(1.13, 0.92, 0.33) pos:(0.44, 0.92, 1.65)
Cube:(1.13, 0.92, 0.33) pos:(1.13, 0.0, 0.33)
Cube:(1.13, 0.92, 0.33) pos:(1.13, 0.0, 0.66)
Cube:(1.13, 0.92, 0.33) pos:(1.13, 0.0, 0.99)
Cube:(1.13, 0.92, 0.33) pos:(1.13, 0.0, 1.32)
Cube:(1.13, 0.92, 0.33) pos:(1.13, 0.0, 1.65)
Cube:(1.13, 0.92, 0.33) pos:(1.17, 0.0, 1.65)
Cube:(1.13, 0.92, 0.33) pos:(1.23, 0.92, 1.65)
Cube:(1.13, 0.92, 0.33) pos:(1.3, 0.92, 1.65)
Cube:(1.13, 0.92, 0.33) pos:(1.37, 0.92, 1.65)
Cube:(1.13, 0.92, 0.33) pos:(1.43, 0.92, 1.65)
Cube:(1.13, 0.92, 0.33) pos:(1.5, 0.92, 1.65)
Cube:(0.52, 0.37, 0.28) pos:(1.24, 1.84, 0.0)
Cube:(0.52, 0.37, 0.28) pos:(1.25, 1.84, 0.28)
Cube:(0.52, 0.37, 0.28) pos:(1.26, 1.84, 0.56)
Cube:(0.52, 0.37, 0.28) pos:(1.27, 1.84, 0.84)
Cube:(0.52, 0.37, 0.28) pos:(1.28, 1.84, 1.12)
Cube:(0.52, 0.37, 0.28) pos:(1.29, 1.84, 1.4)
Cube:(0.52, 0.37, 0.28) pos:(1.3, 1.84, 1.68)
Cube:(0.52, 0.37, 0.28) pos:(1.57, 0.92, 1.65)
Cube:(0.52, 0.37, 0.28) pos:(1.57, 1.29, 1.65)
Cube:(0.52, 0.37, 0.28) pos:(1.76, 1.66, 1.68)
Cube:(0.52, 0.37, 0.28) pos:(1.77, 1.84, 1.68)
Cube:(0.52, 0.37, 0.28) pos:(1.78, 1.84, 1.68)
Cube:(0.52, 0.37, 0.28) pos:(1.79, 1.84, 1.68)
Cube:(0.52, 0.37, 0.28) pos:(1.8, 1.84, 1.68)
Cube:(0.52, 0.37, 0.28) pos:(1.81, 1.84, 1.68)
Cube:(0.52, 0.37, 0.28) pos:(1.82, 1.84, 1.68)
Cube:(0.52, 0.37, 0.28) pos:(2.09, 0.92, 1.65)
Cube:(0.52, 0.37, 0.28) pos:(2.09, 1.29, 1.65)
Cube:(0.52, 0.37, 0.28) pos:(2.26, 0.0, 0.33)
Cube:(0.52, 0.37, 0.28) pos:(2.26, 0.0, 0.61)
Cube:(0.52, 0.37, 0.28) pos:(2.26, 0.0, 0.89)
Cube:(0.52, 0.37, 0.28) pos:(2.26, 0.0, 1.17)
Cube:(0.57, 0.33, 0.29) pos:(2.26, 0.0, 1.45)
Cube:(0.57, 0.33, 0.29) pos:(2.26, 0.0, 1.74)
Cube:(0.57, 0.33, 0.29) pos:(2.26, 0.33, 1.45)
Cube:(0.57, 0.33, 0.29) pos:(2.26, 0.33, 1.74)
Cube:(0.57, 0.33, 0.29) pos:(2.26, 0.37, 0.91)
Cube:(0.57, 0.33, 0.29) pos:(2.26, 0.37, 1.2)
Cube:(0.57, 0.33, 0.29) pos:(2.26, 0.37, 1.49)
Cube:(0.57, 0.33, 0.29) pos:(2.26, 0.37, 1.78)
Cube:(0.57, 0.33, 0.29) pos:(2.28, 1.66, 1.68)
Cube:(0.57, 0.33, 0.29) pos:(2.28, 1.99, 1.68)
Cube:(0.57, 0.33, 0.29) pos:(2.29, 1.84, 1.69)
Cube:(0.57, 0.33, 0.29) pos:(2.3, 0.0, 1.7)
Cube:(0.57, 0.33, 0.29) pos:(2.3, 0.33, 1.74)
Cube:(0.57, 0.33, 0.29) pos:(2.3, 1.84, 1.7)
Cube:(0.57, 0.33, 0.29) pos:(2.31, 1.84, 1.71)
Cube:(0.57, 0.33, 0.29) pos:(2.32, 1.84, 1.72)
Cube:(0.57, 0.33, 0.29) pos:(2.33, 1.84, 1.73)
Cube:(0.57, 0.33, 0.29) pos:(2.34, 1.84, 1.74)
Cube:(0.57, 0.33, 0.29) pos:(2.36, 0.66, 1.6)
Cube:(0.57, 0.33, 0.29) pos:(2.36, 0.66, 1.89)
Cube:(0.57, 0.33, 0.29) pos:(2.36, 0.99, 1.6)
Cube:(0.57, 0.33, 0.29) pos:(2.36, 0.99, 1.89)
Cube:(0.57, 0.33, 0.29) pos:(2.36, 1.32, 1.6)
Cube:(0.57, 0.33, 0.29) pos:(2.36, 1.32, 1.89)
Cube:(0.57, 0.33, 0.29) pos:(2.43, 0.66, 1.85)
Cube:(0.57, 0.33, 0.29) pos:(2.43, 0.99, 1.85)
Cube:(0.99, 0.37, 0.3) pos:(2.43, 1.32, 1.85)
Cube:(0.99, 0.37, 0.3) pos:(2.5, 0.7, 1.81)
Cube:(0.99, 0.37, 0.3) pos:(2.5, 1.07, 1.82)
Cube:(0.99, 0.37, 0.3) pos:(2.5, 1.44, 1.82)
Cube:(0.99, 0.37, 0.3) pos:(2.56, 0.7, 1.78)
Cube:(0.99, 0.37, 0.3) pos:(2.56, 1.07, 1.79)
Cube:(0.99, 0.37, 0.3) pos:(2.56, 1.44, 1.79)
Cube:(0.99, 0.37, 0.3) pos:(2.61, 0.7, 1.8)
Cube:(0.99, 0.37, 0.3) pos:(2.61, 1.07, 1.81)
Cube:(0.99, 0.37, 0.3) pos:(2.61, 1.44, 1.81)
Cube:(0.99, 0.37, 0.3) pos:(2.63, 0.7, 1.77)
Cube:(0.99, 0.37, 0.3) pos:(2.63, 1.07, 1.78)
Cube:(0.99, 0.37, 0.3) pos:(2.63, 1.44, 1.78)
Cube:(0.99, 0.37, 0.3) pos:(2.78, 0.0, 0.87)
Cube:(0.99, 0.37, 0.3) pos:(2.78, 0.0, 1.17)
Cube:(0.99, 0.37, 0.3) pos:(2.78, 0.0, 1.47)
Cube:(0.99, 0.37, 0.3) pos:(2.78, 0.0, 1.77)
Cube:(0.92, 0.64, 0.33) pos:(2.83, 0.0, 1.49)
Cube:(0.92, 0.64, 0.33) pos:(2.83, 0.0, 1.82)
Cube:(0.92, 0.64, 0.33) pos:(2.85, 1.65, 1.74)
Cube:(0.92, 0.64, 0.33) pos:(2.86, 1.65, 1.83)
Cube:(0.92, 0.64, 0.33) pos:(2.87, 0.0, 1.86)
Cube:(0.92, 0.64, 0.33) pos:(2.87, 1.69, 1.86)
Cube:(0.92, 0.64, 0.33) pos:(2.93, 0.37, 1.49)
Cube:(0.92, 0.64, 0.33) pos:(2.93, 0.37, 1.82)
Cube:(0.92, 0.64, 0.33) pos:(2.93, 1.01, 1.5)
Cube:(0.92, 0.64, 0.33) pos:(2.93, 1.01, 1.83)
Cube:(0.92, 0.64, 0.33) pos:(3.0, 0.37, 1.86)
Cube:(0.92, 0.64, 0.33) pos:(3.42, 1.01, 1.86)
Cube:(0.92, 0.64, 0.33) pos:(3.55, 0.64, 1.59)
Cube:(0.92, 0.64, 0.33) pos:(3.55, 1.28, 1.59)
Cube:(0.92, 0.64, 0.33) pos:(3.6, 0.64, 1.62)
Cube:(0.92, 0.64, 0.33) pos:(3.6, 1.28, 1.62)
Cube:(0.92, 0.64, 0.33) pos:(3.62, 0.64, 1.65)
Cube:(0.92, 0.64, 0.33) pos:(3.62, 1.28, 1.65)
Cube:(0.92, 0.64, 0.33) pos:(3.75, 0.0, 1.53)
Cube:(0.92, 0.64, 0.33) pos:(3.75, 0.0, 1.86)
Cube:(0.92, 0.64, 0.33) pos:(3.77, 1.65, 1.65)
Cube:(0.92, 0.64, 0.33) pos:(3.78, 1.65, 1.65)
Cube:(0.92, 0.64, 0.33) pos:(3.79, 0.0, 1.65)
Cube:(1.19, 0.59, 0.39) pos:(3.79, 1.65, 1.65)
Cube:(1.19, 0.59, 0.39) pos:(3.85, 0.0, 1.32)
Cube:(1.19, 0.59, 0.39) pos:(3.85, 0.0, 1.71)
Cube:(1.19, 0.59, 0.39) pos:(3.85, 0.59, 1.32)
Cube:(1.19, 0.59, 0.39) pos:(3.85, 0.59, 1.71)
Cube:(1.19, 0.59, 0.39) pos:(3.92, 0.0, 1.77)
Cube:(1.19, 0.59, 0.39) pos:(4.34, 0.59, 1.77)
Cube:(1.19, 0.59, 0.39) pos:(4.47, 1.18, 1.71)
Cube:(1.19, 0.59, 0.39) pos:(4.52, 0.64, 1.5)
Cube:(1.19, 0.59, 0.39) pos:(4.52, 1.18, 1.77)
Cube:(1.19, 0.59, 0.39) pos:(4.54, 0.64, 1.56)
Cube:(1.19, 0.59, 0.39) pos:(4.67, 0.0, 1.5)
Cube:(0.54, 0.52, 0.49) pos:(4.47, 1.77, 1.71)
Cube:(0.54, 0.52, 0.49) pos:(4.54, 1.77, 1.54)
Cube:(0.54, 0.52, 0.49) pos:(4.69, 1.18, 1.56)
Cube:(0.54, 0.52, 0.49) pos:(4.69, 1.7, 1.7)
Cube:(0.54, 0.52, 0.49) pos:(4.7, 1.23, 1.66)
Cube:(0.54, 0.52, 0.49) pos:(4.71, 0.0, 1.56)
Cube:(0.54, 0.52, 0.49) pos:(4.98, 1.75, 1.47)
Cube:(0.54, 0.52, 0.49) pos:(5.01, 1.77, 1.47)
Cube:(0.54, 0.52, 0.49) pos:(5.04, 0.0, 1.27)
Cube:(0.54, 0.52, 0.49) pos:(5.04, 0.52, 1.17)
Cube:(0.54, 0.52, 0.49) pos:(5.04, 0.52, 1.66)
Cube:(0.54, 0.52, 0.49) pos:(5.08, 1.77, 1.47)
Cube:(0.54, 0.52, 0.49) pos:(5.11, 0.0, 1.37)
Cube:(0.54, 0.52, 0.49) pos:(5.23, 1.04, 1.56)
Cube:(0.54, 0.52, 0.49) pos:(5.23, 1.56, 1.47)
Cube:(0.54, 0.52, 0.49) pos:(5.24, 1.23, 1.27)
Cube:(0.54, 0.52, 0.49) pos:(5.25, 0.0, 1.37)
Cube:(0.75, 0.45, 0.35) pos:(4.98, 1.23, 1.76)