Cube:(0.49, 0.25, 0.21) pos:(0.0, 0.0, 0.0)
Cube:(0.49, 0.25, 0.21) pos:(0.0, 0.0, 0.21)
Cube:(0.49, 0.25, 0.21) pos:(0.0, 0.0, 0.42)
Cube:(0.49, 0.25, 0.21) pos:(0.0, 0.0, 0.63)
Cube:(0.49, 0.25, 0.21) pos:(0.0, 0.0, 0.84)
Cube:(0.49, 0.25, 0.21) pos:(0.0, 0.0, 1.05)
Cube:(0.49, 0.25, 0.21) pos:(0.0, 0.0, 1.26)
Cube:(0.49, 0.25, 0.21) pos:(0.0, 0.0, 1.47)
Cube:(0.49, 0.25, 0.21) pos:(0.0, 0.0, 1.68)
Cube:(0.49, 0.25, 0.21) pos:(0.0, 0.0, 1.89)
Cube:(0.49, 0.25, 0.21) pos:(0.0, 0.25, 0.0)
Cube:(0.49, 0.25, 0.21) pos:(0.0, 0.25, 0.21)
Cube:(0.49, 0.25, 0.21) pos:(0.0, 0.25, 0.42)
Cube:(0.6, 0.51, 0.41) pos:(0.0, 0.25, 0.63)
Cube:(0.6, 0.51, 0.41) pos:(0.0, 0.25, 1.04)
Cube:(0.6, 0.51, 0.41) pos:(0.0, 0.25, 1.45)
Cube:(0.6, 0.51, 0.41) pos:(0.0, 0.5, 1.23)
Cube:(0.6, 0.51, 0.41) pos:(0.0, 0.5, 1.64)
Cube:(0.6, 0.51, 0.41) pos:(0.0, 0.76, 0.82)
Cube:(0.6, 0.51, 0.41) pos:(0.0, 0.76, 1.23)
Cube:(0.6, 0.51, 0.41) pos:(0.0, 0.76, 1.64)
Cube:(0.6, 0.51, 0.41) pos:(0.0, 1.01, 1.23)
Cube:(1.03, 0.76, 0.64) pos:(0.0, 1.27, 0.41)
Cube:(1.03, 0.76, 0.64) pos:(0.08, 1.27, 1.05)
Cube:(1.03, 0.76, 0.64) pos:(0.18, 1.52, 1.28)
Cube:(1.03, 0.76, 0.64) pos:(0.6, 0.0, 0.0)
Cube:(1.03, 0.76, 0.64) pos:(0.6, 0.0, 0.64)
Cube:(1.03, 0.76, 0.64) pos:(0.6, 0.0, 1.28)
Cube:(1.03, 0.76, 0.64) pos:(0.6, 0.76, 1.28)
Cube:(1.03, 0.76, 0.64) pos:(1.03, 0.76, 1.28)
Cube:(1.03, 0.76, 0.64) pos:(1.03, 1.52, 1.28)
Cube:(1.03, 0.76, 0.64) pos:(1.11, 0.76, 1.28)
Cube:(1.03, 0.76, 0.64) pos:(1.11, 1.52, 1.28)
Cube:(0.95, 0.7, 0.62) pos:(1.21, 1.52, 1.28)
Cube:(0.95, 0.7, 0.62) pos:(1.63, 0.0, 0.0)
Cube:(0.95, 0.7, 0.62) pos:(1.63, 0.0, 0.62)
Cube:(0.95, 0.7, 0.62) pos:(1.63, 0.0, 1.24)
Cube:(0.95, 0.7, 0.62) pos:(1.63, 0.7, 1.28)
Cube:(0.95, 0.7, 0.62) pos:(2.06, 0.7, 1.26)
Cube:(0.95, 0.7, 0.62) pos:(2.06, 1.4, 1.26)
Cube:(0.95, 0.7, 0.62) pos:(2.14, 0.7, 1.24)
Cube:(0.95, 0.7, 0.62) pos:(2.14, 1.4, 1.24)
Cube:(0.95, 0.7, 0.62) pos:(2.16, 1.4, 1.24)
Cube:(0.95, 0.7, 0.62) pos:(2.58, 0.0, 0.0)
Cube:(0.95, 0.7, 0.62) pos:(2.58, 0.0, 0.62)
Cube:(0.95, 0.7, 0.62) pos:(2.58, 0.0, 1.24)
Cube:(0.95, 0.7, 0.62) pos:(2.58, 0.7, 1.24)
Cube:(1.11, 0.49, 0.26) pos:(2.19, 0.0, 1.86)
Cube:(1.11, 0.49, 0.26) pos:(2.22, 0.49, 1.86)
Cube:(1.11, 0.49, 0.26) pos:(2.24, 0.98, 1.86)
Cube:(1.11, 0.49, 0.26) pos:(2.27, 1.47, 1.86)
Cube:(1.11, 0.49, 0.26) pos:(3.01, 0.7, 1.5)
Cube:(1.11, 0.49, 0.26) pos:(3.01, 0.7, 1.76)
Cube:(1.11, 0.49, 0.26) pos:(3.01, 1.19, 1.5)
Cube:(1.11, 0.49, 0.26) pos:(3.01, 1.19, 1.76)
Cube:(1.11, 0.49, 0.26) pos:(3.01, 1.68, 1.5)
Cube:(1.11, 0.49, 0.26) pos:(3.01, 1.68, 1.76)
Cube:(1.11, 0.49, 0.26) pos:(3.09, 0.7, 1.4)
Cube:(1.11, 0.49, 0.26) pos:(3.09, 0.7, 1.66)
Cube:(1.11, 0.49, 0.26) pos:(3.09, 0.7, 1.92)
Cube:(0.85, 0.84, 0.72) pos:(3.09, 1.19, 1.4)
Cube:(0.85, 0.84, 0.72) pos:(3.38, 1.4, 1.24)
Cube:(0.85, 0.84, 0.72) pos:(3.53, 0.0, 1.3)
Cube:(0.85, 0.84, 0.72) pos:(3.94, 0.84, 1.3)
Cube:(0.85, 0.84, 0.72) pos:(4.12, 1.19, 1.44)
Cube:(0.85, 0.84, 0.72) pos:(4.2, 0.0, 0.72)
Cube:(0.85, 0.84, 0.72) pos:(4.2, 0.0, 1.44)
Cube:(0.85, 0.84, 0.72) pos:(4.23, 0.84, 1.44)
Cube:(0.85, 0.84, 0.72) pos:(4.38, 0.0, 1.44)
Cube:(0.85, 0.84, 0.72) pos:(4.79, 0.84, 1.44)
Cube:(0.85, 0.84, 0.72) pos:(4.97, 0.84, 1.44)
Cube:(0.48, 0.36, 0.31) pos:(3.65, 0.0, 0.72)
Cube:(0.48, 0.36, 0.31) pos:(3.66, 0.0, 1.03)
Cube:(0.48, 0.36, 0.31) pos:(3.67, 0.0, 1.34)
Cube:(0.48, 0.36, 0.31) pos:(3.68, 0.0, 1.65)
Cube:(0.48, 0.36, 0.31) pos:(3.94, 1.68, 1.44)
Cube:(0.48, 0.36, 0.31) pos:(3.94, 1.68, 1.75)
Cube:(0.48, 0.36, 0.31) pos:(4.23, 1.68, 1.34)
Cube:(0.48, 0.36, 0.31) pos:(4.23, 1.68, 1.65)
Cube:(0.48, 0.36, 0.31) pos:(4.42, 1.68, 1.34)
Cube:(0.48, 0.36, 0.31) pos:(4.42, 1.68, 1.65)
Cube:(0.48, 0.36, 0.31) pos:(4.71, 1.68, 1.34)
Cube:(0.48, 0.36, 0.31) pos:(4.71, 1.68, 1.65)
Cube:(0.71, 0.48, 0.47) pos:(4.9, 1.68, 1.34)
Cube:(0.71, 0.48, 0.47) pos:(4.97, 1.68, 1.09)
Cube:(0.71, 0.48, 0.47) pos:(4.97, 1.68, 1.56)
Cube:(0.71, 0.48, 0.47) pos:(5.05, 0.0, 0.72)
Cube:(0.71, 0.48, 0.47) pos:(5.05, 0.0, 1.19)
Cube:(0.71, 0.48, 0.47) pos:(5.05, 0.0, 1.66)
Cube:(0.71, 0.48, 0.47) pos:(5.08, 0.48, 1.44)
Cube:(0.71, 0.48, 0.47) pos:(5.08, 0.96, 1.44)