Cube:(0.97, 0.81, 0.27) pos:(0.0, 0.0, 0.0)
Cube:(0.97, 0.81, 0.27) pos:(0.0, 0.0, 0.27)
Cube:(0.97, 0.81, 0.27) pos:(0.0, 0.0, 0.54)
Cube:(0.97, 0.81, 0.27) pos:(0.0, 0.0, 0.81)
Cube:(0.97, 0.81, 0.27) pos:(0.0, 0.0, 1.08)
Cube:(0.97, 0.81, 0.27) pos:(0.0, 0.0, 1.35)
Cube:(0.97, 0.81, 0.27) pos:(0.0, 0.0, 1.62)
Cube:(0.97, 0.81, 0.27) pos:(0.0, 0.0, 1.89)
Cube:(1.02, 0.78, 0.39) pos:(0.03, 0.81, 0.0)
Cube:(1.02, 0.78, 0.39) pos:(0.09, 0.81, 0.39)
Cube:(1.02, 0.78, 0.39) pos:(0.15, 0.81, 0.78)
Cube:(1.02, 0.78, 0.39) pos:(0.21, 0.81, 1.17)
Cube:(1.02, 0.78, 0.39) pos:(0.27, 0.81, 1.56)
Cube:(1.02, 0.78, 0.39) pos:(0.97, 0.0, 0.0)
Cube:(1.02, 0.78, 0.39) pos:(0.97, 0.0, 0.39)
Cube:(1.02, 0.78, 0.39) pos:(0.97, 0.0, 0.78)
Cube:(1.02, 0.78, 0.39) pos:(0.97, 0.0, 1.17)
Cube:(1.02, 0.78, 0.39) pos:(0.97, 0.0, 1.56)
Cube:(1.02, 0.78, 0.39) pos:(1.05, 0.78, 1.56)
Cube:(1.02, 0.78, 0.39) pos:(1.11, 0.78, 1.56)
Cube:(1.02, 0.78, 0.39) pos:(1.17, 0.78, 1.56)
Cube:(1.02, 0.78, 0.39) pos:(1.23, 0.78, 1.56)
Cube:(1.02, 0.78, 0.39) pos:(1.29, 0.78, 1.56)
Cube:(1.02, 0.78, 0.39) pos:(1.99, 0.0, 0.0)
Cube:(1.13, 0.46, 0.36) pos:(1.0, 1.59, 0.0)
Cube:(1.13, 0.46, 0.36) pos:(1.04, 1.59, 0.36)
Cube:(1.13, 0.46, 0.36) pos:(1.07, 1.56, 1.56)
Cube:(1.13, 0.46, 0.36) pos:(1.11, 1.56, 1.53)
Cube:(1.13, 0.46, 0.36) pos:(1.15, 1.59, 1.44)
Cube:(1.13, 0.46, 0.36) pos:(1.18, 1.56, 1.8)
Cube:(1.13, 0.46, 0.36) pos:(1.99, 0.0, 0.39)
Cube:(1.13, 0.46, 0.36) pos:(1.99, 0.0, 0.75)
Cube:(1.13, 0.46, 0.36) pos:(1.99, 0.0, 1.11)
Cube:(1.13, 0.46, 0.36) pos:(1.99, 0.0, 1.47)
Cube:(1.13, 0.46, 0.36) pos:(1.99, 0.0, 1.83)
Cube:(1.13, 0.46, 0.36) pos:(2.07, 0.46, 1.56)
Cube:(0.66, 0.5, 0.42) pos:(2.07, 0.92, 1.56)
Cube:(0.66, 0.5, 0.42) pos:(2.13, 0.46, 1.59)
Cube:(0.66, 0.5, 0.42) pos:(2.13, 0.96, 1.59)
Cube:(0.66, 0.5, 0.42) pos:(2.17, 1.42, 1.59)
Cube:(0.66, 0.5, 0.42) pos:(2.19, 0.46, 1.62)
Cube:(0.66, 0.5, 0.42) pos:(2.19, 0.96, 1.62)
Cube:(0.66, 0.5, 0.42) pos:(2.2, 1.46, 1.5)
Cube:(0.66, 0.5, 0.42) pos:(2.24, 1.46, 1.62)
Cube:(0.66, 0.5, 0.42) pos:(2.25, 0.46, 1.65)
Cube:(0.66, 0.5, 0.42) pos:(2.25, 0.96, 1.65)
Cube:(0.66, 0.5, 0.42) pos:(2.28, 1.46, 1.65)
Cube:(0.66, 0.5, 0.42) pos:(2.31, 0.78, 1.68)
Cube:(1.01, 0.3, 0.26) pos:(1.76, 2.02, 1.08)
Cube:(1.01, 0.3, 0.26) pos:(1.78, 2.02, 1.34)
Cube:(1.01, 0.3, 0.26) pos:(1.79, 2.02, 1.6)
Cube:(1.01, 0.3, 0.26) pos:(1.81, 2.02, 1.86)
Cube:(1.01, 0.3, 0.26) pos:(2.13, 1.92, 1.8)
Cube:(1.01, 0.3, 0.26) pos:(2.17, 1.92, 1.88)
Cube:(1.01, 0.3, 0.26) pos:(2.17, 2.02, 1.92)
Cube:(1.01, 0.3, 0.26) pos:(2.28, 1.96, 1.82)
Cube:(1.01, 0.3, 0.26) pos:(2.31, 1.28, 1.68)
Cube:(1.01, 0.3, 0.26) pos:(2.31, 1.28, 1.94)
Cube:(1.01, 0.3, 0.26) pos:(2.31, 1.58, 1.68)
Cube:(1.01, 0.3, 0.26) pos:(2.31, 1.58, 1.94)
Cube:(1.01, 0.3, 0.26) pos:(2.73, 0.92, 1.68)
Cube:(1.01, 0.3, 0.26) pos:(2.73, 0.92, 1.94)
Cube:(1.01, 0.3, 0.26) pos:(2.77, 1.88, 1.82)
Cube:(1.01, 0.3, 0.26) pos:(2.79, 0.46, 1.59)
Cube:(1.01, 0.3, 0.26) pos:(2.79, 0.46, 1.85)
Cube:(1.01, 0.3, 0.26) pos:(2.79, 0.76, 1.78)
Cube:(1.0, 0.56, 0.35) pos:(2.83, 1.06, 1.78)
Cube:(1.0, 0.56, 0.35) pos:(2.85, 0.46, 1.69)
Cube:(1.0, 0.56, 0.35) pos:(2.86, 1.02, 1.71)
Cube:(1.0, 0.56, 0.35) pos:(2.86, 1.58, 1.71)
Cube:(1.0, 0.56, 0.35) pos:(2.9, 1.22, 1.64)
Cube:(1.0, 0.56, 0.35) pos:(2.9, 1.62, 1.65)
Cube:(1.0, 0.56, 0.35) pos:(2.91, 0.46, 1.62)
Cube:(1.0, 0.56, 0.35) pos:(2.94, 1.02, 1.64)
Cube:(1.0, 0.56, 0.35) pos:(3.01, 0.0, 1.8)
Cube:(1.0, 0.56, 0.35) pos:(3.01, 0.56, 1.58)
Cube:(1.0, 0.56, 0.35) pos:(3.14, 1.58, 1.74)
Cube:(1.0, 0.56, 0.35) pos:(3.2, 0.0, 1.57)
Cube:(1.0, 0.56, 0.35) pos:(3.32, 1.12, 1.57)
Cube:(0.91, 0.5, 0.4) pos:(3.18, 1.78, 1.57)
Cube:(0.91, 0.5, 0.4) pos:(3.32, 1.22, 1.75)
Cube:(0.91, 0.5, 0.4) pos:(3.32, 1.68, 1.8)
Cube:(0.91, 0.5, 0.4) pos:(3.74, 0.56, 1.57)
Cube:(0.91, 0.5, 0.4) pos:(3.8, 0.0, 1.4)
Cube:(0.91, 0.5, 0.4) pos:(3.8, 0.0, 1.8)
Cube:(0.91, 0.5, 0.4) pos:(3.8, 0.5, 1.45)
Cube:(0.91, 0.5, 0.4) pos:(3.83, 1.0, 1.8)
Cube:(0.91, 0.5, 0.4) pos:(3.85, 0.5, 1.5)
Cube:(0.91, 0.5, 0.4) pos:(3.86, 1.72, 1.5)
Cube:(0.91, 0.5, 0.4) pos:(3.9, 1.0, 1.5)
Cube:(0.91, 0.5, 0.4) pos:(3.9, 1.5, 1.55)
Cube:(0.91, 0.5, 0.4) pos:(3.91, 0.0, 1.5)
Cube:(0.91, 0.5, 0.4) pos:(3.91, 0.5, 1.55)
Cube:(1.06, 0.61, 0.56) pos:(3.94, 1.0, 1.55)
Cube:(1.06, 0.61, 0.56) pos:(4.01, 0.0, 1.6)
Cube:(1.06, 0.61, 0.56) pos:(4.09, 1.61, 1.55)
Cube:(1.06, 0.61, 0.56) pos:(4.23, 1.5, 1.36)
Cube:(1.06, 0.61, 0.56) pos:(4.32, 1.06, 1.52)
Cube:(1.06, 0.61, 0.56) pos:(4.71, 0.0, 1.36)
Cube:(1.06, 0.61, 0.56) pos:(4.74, 0.61, 1.52)
Cube:(1.06, 0.61, 0.56) pos:(4.76, 0.0, 1.52)
Cube:(1.06, 0.61, 0.56) pos:(4.77, 1.67, 1.52)
Cube:(0.75, 0.57, 0.41) pos:(4.81, 0.61, 1.68)
Cube:(0.75, 0.57, 0.41) pos:(4.81, 1.18, 1.68)
Cube:(0.75, 0.57, 0.41) pos:(4.81, 1.75, 1.68)
Cube:(0.75, 0.57, 0.41) pos:(4.82, 0.0, 1.68)
Cube:(0.75, 0.57, 0.41) pos:(5.0, 0.57, 1.68)
Cube:(0.75, 0.57, 0.41) pos:(5.07, 0.0, 1.53)