Cube:(0.86, 0.84, 0.45) pos:(0.0, 0.0, 0.0)
Cube:(0.86, 0.84, 0.45) pos:(0.0, 0.0, 0.45)
Cube:(0.86, 0.84, 0.45) pos:(0.0, 0.0, 0.9)
Cube:(0.86, 0.84, 0.45) pos:(0.0, 0.0, 1.35)
Cube:(0.86, 0.84, 0.45) pos:(0.0, 0.84, 0.0)
Cube:(0.86, 0.84, 0.45) pos:(0.02, 0.84, 0.45)
Cube:(0.86, 0.84, 0.45) pos:(0.08, 0.84, 0.9)
Cube:(0.86, 0.84, 0.45) pos:(0.15, 0.84, 1.35)
Cube:(0.86, 0.84, 0.45) pos:(0.86, 0.0, 0.0)
Cube:(0.86, 0.84, 0.45) pos:(0.86, 0.0, 0.45)
Cube:(0.86, 0.84, 0.45) pos:(0.86, 0.0, 0.9)
Cube:(0.86, 0.84, 0.45) pos:(0.86, 0.0, 1.35)
Cube:(0.86, 0.84, 0.45) pos:(0.86, 0.84, 1.35)
Cube:(0.86, 0.84, 0.45) pos:(0.88, 0.84, 1.35)
Cube:(0.86, 0.84, 0.45) pos:(0.94, 0.84, 1.35)
Cube:(0.86, 0.84, 0.45) pos:(1.01, 0.84, 1.35)
Cube:(0.86, 0.84, 0.45) pos:(1.72, 0.0, 0.0)
Cube:(0.86, 0.84, 0.45) pos:(1.72, 0.0, 0.45)
Cube:(0.81, 0.45, 0.34) pos:(0.84, 0.0, 1.8)
Cube:(0.81, 0.45, 0.34) pos:(0.87, 0.45, 1.8)
Cube:(0.81, 0.45, 0.34) pos:(0.89, 0.9, 1.8)
Cube:(0.81, 0.45, 0.34) pos:(0.92, 1.35, 1.8)
Cube:(0.81, 0.45, 0.34) pos:(0.94, 1.68, 0.34)
Cube:(0.81, 0.45, 0.34) pos:(0.96, 1.68, 0.68)
Cube:(0.81, 0.45, 0.34) pos:(0.99, 1.68, 1.02)
Cube:(0.81, 0.45, 0.34) pos:(1.01, 1.68, 1.36)
Cube:(0.81, 0.45, 0.34) pos:(1.04, 1.68, 1.7)
Cube:(0.81, 0.45, 0.34) pos:(1.06, 1.8, 1.7)
Cube:(0.81, 0.45, 0.34) pos:(1.65, 0.0, 1.8)
Cube:(0.81, 0.45, 0.34) pos:(1.68, 0.45, 1.8)
Cube:(0.81, 0.45, 0.34) pos:(1.7, 0.9, 1.8)
Cube:(0.81, 0.45, 0.34) pos:(1.72, 0.0, 1.24)
Cube:(0.81, 0.45, 0.34) pos:(1.72, 0.0, 1.58)
Cube:(0.81, 0.45, 0.34) pos:(1.72, 0.45, 1.69)
Cube:(0.81, 0.45, 0.34) pos:(1.72, 0.9, 1.69)
Cube:(0.81, 0.45, 0.34) pos:(1.73, 1.35, 1.7)
Cube:(0.81, 0.45, 0.34) pos:(1.74, 0.45, 1.58)
Cube:(0.7, 0.54, 0.37) pos:(1.74, 0.9, 1.58)
Cube:(0.7, 0.54, 0.37) pos:(1.75, 1.35, 1.7)
Cube:(0.7, 0.54, 0.37) pos:(1.77, 1.44, 1.73)
Cube:(0.7, 0.54, 0.37) pos:(1.8, 0.84, 1.53)
Cube:(0.7, 0.54, 0.37) pos:(1.8, 1.38, 1.76)
Cube:(0.7, 0.54, 0.37) pos:(1.82, 1.68, 1.79)
Cube:(0.7, 0.54, 0.37) pos:(1.85, 1.68, 1.82)
Cube:(0.7, 0.54, 0.37) pos:(1.87, 0.84, 1.45)
Cube:(0.7, 0.54, 0.37) pos:(1.87, 0.84, 1.82)
Cube:(0.7, 0.54, 0.37) pos:(2.44, 0.9, 1.82)
Cube:(0.7, 0.54, 0.37) pos:(2.45, 1.35, 1.82)
Cube:(0.7, 0.54, 0.37) pos:(2.47, 1.38, 1.82)
Cube:(0.7, 0.54, 0.37) pos:(2.49, 0.0, 1.58)
Cube:(0.71, 0.61, 0.52) pos:(2.51, 0.54, 1.58)
Cube:(0.71, 0.61, 0.52) pos:(2.52, 1.38, 1.45)
Cube:(0.71, 0.61, 0.52) pos:(2.54, 0.84, 1.63)
Cube:(0.71, 0.61, 0.52) pos:(2.54, 1.45, 1.63)
Cube:(0.71, 0.61, 0.52) pos:(2.55, 0.0, 1.42)
Cube:(0.71, 0.61, 0.52) pos:(2.57, 0.61, 1.42)
Cube:(0.71, 0.61, 0.52) pos:(2.58, 0.0, 1.04)
Cube:(0.71, 0.61, 0.52) pos:(2.58, 0.0, 1.56)
Cube:(0.71, 0.61, 0.52) pos:(3.14, 0.61, 1.56)
Cube:(0.71, 0.61, 0.52) pos:(3.15, 1.15, 1.56)
Cube:(0.71, 0.61, 0.52) pos:(3.17, 1.22, 1.56)
Cube:(0.71, 0.61, 0.52) pos:(3.22, 0.0, 1.56)
Cube:(0.71, 0.61, 0.52) pos:(3.23, 1.22, 1.56)
Cube:(0.71, 0.61, 0.52) pos:(3.25, 0.61, 1.56)
Cube:(0.71, 0.61, 0.52) pos:(3.25, 1.22, 1.56)
Cube:(0.71, 0.61, 0.52) pos:(3.26, 0.0, 1.56)
Cube:(0.78, 0.73, 0.4) pos:(3.29, 0.0, 1.04)
Cube:(0.78, 0.73, 0.4) pos:(3.29, 0.0, 1.44)
Cube:(0.78, 0.73, 0.4) pos:(3.86, 0.61, 1.56)
Cube:(0.78, 0.73, 0.4) pos:(3.86, 1.34, 1.56)
Cube:(0.78, 0.73, 0.4) pos:(3.88, 0.61, 1.72)
Cube:(0.78, 0.73, 0.4) pos:(3.88, 1.34, 1.44)
Cube:(0.78, 0.73, 0.4) pos:(3.94, 0.73, 1.32)
Cube:(0.78, 0.73, 0.4) pos:(3.94, 0.73, 1.72)
Cube:(0.78, 0.73, 0.4) pos:(3.94, 1.46, 1.32)
Cube:(0.78, 0.73, 0.4) pos:(3.94, 1.46, 1.72)
Cube:(0.69, 0.63, 0.46) pos:(3.96, 0.0, 1.6)
Cube:(0.69, 0.63, 0.46) pos:(3.96, 0.63, 1.6)
Cube:(0.69, 0.63, 0.46) pos:(3.96, 1.26, 1.6)
Cube:(0.69, 0.63, 0.46) pos:(4.07, 0.0, 1.26)
Cube:(0.69, 0.63, 0.46) pos:(4.07, 0.0, 1.72)
Cube:(0.69, 0.63, 0.46) pos:(4.64, 0.63, 1.66)
Cube:(0.69, 0.63, 0.46) pos:(4.64, 1.26, 1.66)
Cube:(0.69, 0.63, 0.46) pos:(4.65, 0.0, 1.32)
Cube:(0.69, 0.63, 0.46) pos:(4.65, 0.63, 1.66)
Cube:(0.69, 0.63, 0.46) pos:(4.65, 1.26, 1.66)
Cube:(0.69, 0.63, 0.46) pos:(4.66, 0.0, 1.38)
Cube:(0.69, 0.63, 0.46) pos:(4.66, 0.63, 1.72)
Cube:(0.69, 0.63, 0.46) pos:(4.66, 1.26, 1.72)
Cube:(0.72, 0.67, 0.56) pos:(4.72, 0.63, 1.38)
Cube:(0.72, 0.67, 0.56) pos:(4.72, 1.3, 1.38)
Cube:(0.65, 0.51, 0.5) pos:(3.97, 0.0, 1.38)
Cube:(0.65, 0.51, 0.5) pos:(4.76, 0.0, 0.92)
Cube:(0.65, 0.51, 0.5) pos:(4.76, 0.0, 1.42)