Cube:(1.13, 0.92, 0.33) pos:(0.0, 0.0, 0.0)
Cube:(1.13, 0.92, 0.33) pos:(0.0, 0.0, 0.33)
Cube:(1.13, 0.92, 0.33) pos:(0.0, 0.0, 0.66)
Cube:(1.13, 0.92, 0.33) pos:(0.0, 0.0, 0.99)
Cube:(1.13, 0.92, 0.33) pos:(0.0, 0.0, 1.32)
Cube:(1.13, 0.92, 0.33) pos:(0.04, 0.0, 1.65)
Cube:(1.13, 0.92, 0.33) pos:(0.1, 0.92, 0.0)
Cube:(1.13, 0.92, 0.33) pos:(0.17, 0.92, 0.33)
Cube:(1.13, 0.92, 0.33) pos:(0.24, 0.92, 0.66)
Cube:(1.13, 0.92, 0.33) pos:(0.3, 0.92, 0.99)
Cube:(1.13, 0.92, 0.33) pos:(0.37, 0.92, 1.32)
Cube:(1.13, 0.92, 0.33) pos:(0.44, 0.92, 1.65)
Cube:(1.13, 0.92, 0.33) pos:(1.13, 0.0, 0.33)
Cube:(1.13, 0.92, 0.33) pos:(1.13, 0.0, 0.66)
Cube:(1.13, 0.92, 0.33) pos:(1.13, 0.0, 0.99)
Cube:(0.52, 0.37, 0.28) pos:(0.71, 1.84, 0.0)
Cube:(0.52, 0.37, 0.28) pos:(0.72, 1.84, 0.28)
Cube:(0.52, 0.37, 0.28) pos:(0.73, 1.84, 0.56)
Cube:(0.52, 0.37, 0.28) pos:(0.74, 1.84, 0.84)
Cube:(0.52, 0.37, 0.28) pos:(0.75, 1.84, 1.12)
Cube:(0.52, 0.37, 0.28) pos:(0.76, 1.84, 1.4)
Cube:(0.52, 0.37, 0.28) pos:(0.77, 1.84, 1.68)
Cube:(0.52, 0.37, 0.28) pos:(1.13, 0.0, 1.32)
Cube:(0.52, 0.37, 0.28) pos:(1.13, 0.0, 1.6)
Cube:(0.52, 0.37, 0.28) pos:(1.13, 0.0, 1.88)
Cube:(0.52, 0.37, 0.28) pos:(1.13, 0.37, 1.32)
Cube:(0.52, 0.37, 0.28) pos:(1.13, 0.37, 1.6)
Cube:(0.52, 0.37, 0.28) pos:(1.13, 0.37, 1.88)
Cube:(0.52, 0.37, 0.28) pos:(1.17, 0.0, 1.83)
Cube:(0.52, 0.37, 0.28) pos:(1.17, 0.37, 1.83)
Cube:(0.52, 0.37, 0.28) pos:(1.23, 0.74, 1.65)
Cube:(0.52, 0.37, 0.28) pos:(1.23, 1.11, 1.65)
Cube:(0.57, 0.33, 0.29) pos:(1.23, 1.48, 1.65)
Cube:(0.57, 0.33, 0.29) pos:(1.23, 1.81, 1.68)
Cube:(0.57, 0.33, 0.29) pos:(1.24, 1.84, 1.69)
Cube:(0.57, 0.33, 0.29) pos:(1.25, 1.84, 1.7)
Cube:(0.57, 0.33, 0.29) pos:(1.26, 1.84, 1.71)
Cube:(0.57, 0.33, 0.29) pos:(1.27, 1.84, 1.72)
Cube:(0.57, 0.33, 0.29) pos:(1.28, 1.84, 1.73)
Cube:(0.57, 0.33, 0.29) pos:(1.29, 1.84, 1.74)
Cube:(0.57, 0.33, 0.29) pos:(1.3, 0.74, 1.6)
Cube:(0.57, 0.33, 0.29) pos:(1.3, 0.74, 1.89)
Cube:(0.57, 0.33, 0.29) pos:(1.3, 1.07, 1.6)
Cube:(0.57, 0.33, 0.29) pos:(1.3, 1.07, 1.89)
Cube:(0.57, 0.33, 0.29) pos:(1.3, 1.4, 1.61)
Cube:(0.57, 0.33, 0.29) pos:(1.3, 1.4, 1.9)
Cube:(0.57, 0.33, 0.29) pos:(1.37, 0.74, 1.85)
Cube:(0.57, 0.33, 0.29) pos:(1.37, 1.07, 1.85)
Cube:(0.57, 0.33, 0.29) pos:(1.37, 1.4, 1.86)
Cube:(0.99, 0.37, 0.3) pos:(1.43, 0.92, 1.81)
Cube:(0.99, 0.37, 0.3) pos:(1.43, 1.29, 1.82)
Cube:(0.99, 0.37, 0.3) pos:(1.5, 0.92, 1.78)
Cube:(0.99, 0.37, 0.3) pos:(1.5, 1.29, 1.79)
Cube:(0.99, 0.37, 0.3) pos:(1.57, 0.92, 1.75)
Cube:(0.99, 0.37, 0.3) pos:(1.57, 1.29, 1.76)
Cube:(0.99, 0.37, 0.3) pos:(1.65, 0.0, 1.27)
Cube:(0.99, 0.37, 0.3) pos:(1.65, 0.0, 1.57)
Cube:(0.99, 0.37, 0.3) pos:(1.65, 0.0, 1.87)
Cube:(0.99, 0.37, 0.3) pos:(1.65, 0.37, 1.27)
Cube:(0.99, 0.37, 0.3) pos:(1.65, 0.37, 1.57)
Cube:(0.99, 0.37, 0.3) pos:(1.65, 0.37, 1.87)
Cube:(0.99, 0.37, 0.3) pos:(1.69, 0.0, 1.89)
Cube:(0.99, 0.37, 0.3) pos:(1.69, 0.37, 1.89)
Cube:(0.99, 0.37, 0.3) pos:(1.75, 0.74, 1.86)
Cube:(0.99, 0.37, 0.3) pos:(1.75, 1.11, 1.77)
Cube:(0.99, 0.37, 0.3) pos:(1.8, 1.48, 1.77)
Cube:(0.99, 0.37, 0.3) pos:(1.8, 1.85, 1.74)
Cube:(0.99, 0.37, 0.3) pos:(1.81, 1.66, 1.75)
Cube:(0.92, 0.64, 0.33) pos:(1.82, 1.66, 1.76)
Cube:(0.92, 0.64, 0.33) pos:(1.83, 1.66, 1.8)
Cube:(0.92, 0.64, 0.33) pos:(1.87, 0.74, 1.58)
Cube:(0.92, 0.64, 0.33) pos:(1.87, 0.92, 1.82)
Cube:(0.92, 0.64, 0.33) pos:(1.87, 1.38, 1.82)
Cube:(0.92, 0.64, 0.33) pos:(1.94, 0.74, 1.86)
Cube:(0.92, 0.64, 0.33) pos:(1.94, 1.38, 1.86)
Cube:(0.92, 0.64, 0.33) pos:(2.26, 0.0, 1.2)
Cube:(0.92, 0.64, 0.33) pos:(2.26, 0.0, 1.53)
Cube:(0.92, 0.64, 0.33) pos:(2.26, 0.0, 1.86)
Cube:(0.92, 0.64, 0.33) pos:(2.49, 0.64, 1.59)
Cube:(0.92, 0.64, 0.33) pos:(2.56, 0.64, 1.62)
Cube:(0.92, 0.64, 0.33) pos:(2.64, 0.0, 1.29)
Cube:(1.19, 0.59, 0.39) pos:(2.64, 0.0, 1.62)
Cube:(1.19, 0.59, 0.39) pos:(2.68, 0.0, 1.71)
Cube:(1.19, 0.59, 0.39) pos:(2.74, 0.59, 1.65)
Cube:(1.19, 0.59, 0.39) pos:(2.74, 1.18, 1.65)
Cube:(1.19, 0.59, 0.39) pos:(2.75, 1.28, 1.68)
Cube:(1.19, 0.59, 0.39) pos:(2.79, 0.59, 1.71)
Cube:(1.19, 0.59, 0.39) pos:(2.79, 0.64, 1.77)
Cube:(1.19, 0.59, 0.39) pos:(2.79, 1.18, 1.77)
Cube:(1.19, 0.59, 0.39) pos:(2.79, 1.23, 1.8)
Cube:(1.19, 0.59, 0.39) pos:(2.86, 1.28, 1.56)
Cube:(1.19, 0.59, 0.39) pos:(3.18, 0.0, 1.11)
Cube:(1.19, 0.59, 0.39) pos:(3.18, 0.0, 1.5)
Cube:(1.19, 0.59, 0.39) pos:(3.41, 0.59, 1.5)
Cube:(1.19, 0.59, 0.39) pos:(3.48, 0.59, 1.56)
Cube:(1.19, 0.59, 0.39) pos:(3.56, 0.0, 1.56)
Cube:(1.19, 0.59, 0.39) pos:(3.83, 0.0, 1.56)
Cube:(1.19, 0.59, 0.39) pos:(3.87, 0.0, 1.56)
Cube:(1.19, 0.59, 0.39) pos:(3.93, 0.59, 1.56)
Cube:(1.19, 0.59, 0.39) pos:(3.93, 1.18, 1.56)
Cube:(0.54, 0.52, 0.49) pos:(2.98, 1.77, 1.17)
Cube:(0.54, 0.52, 0.49) pos:(3.01, 1.77, 1.66)
Cube:(0.54, 0.52, 0.49) pos:(3.52, 1.77, 1.66)
Cube:(0.54, 0.52, 0.49) pos:(3.55, 1.77, 1.66)
Cube:(0.54, 0.52, 0.49) pos:(3.94, 1.18, 1.56)
Cube:(0.54, 0.52, 0.49) pos:(3.98, 0.59, 1.17)
Cube:(0.54, 0.52, 0.49) pos:(3.98, 0.59, 1.66)
Cube:(0.54, 0.52, 0.49) pos:(3.98, 1.11, 1.27)
Cube:(0.54, 0.52, 0.49) pos:(3.98, 1.63, 1.37)
Cube:(0.54, 0.52, 0.49) pos:(4.05, 1.11, 1.66)
Cube:(0.54, 0.52, 0.49) pos:(4.05, 1.63, 1.47)
Cube:(0.54, 0.52, 0.49) pos:(4.06, 1.7, 1.47)
Cube:(0.54, 0.52, 0.49) pos:(4.09, 1.77, 1.47)
Cube:(0.75, 0.45, 0.35) pos:(4.37, 0.0, 1.17)
Cube:(0.75, 0.45, 0.35) pos:(4.37, 0.0, 1.52)
Cube:(0.75, 0.45, 0.35) pos:(4.48, 1.18, 1.37)
Cube:(0.75, 0.45, 0.35) pos:(4.48, 1.18, 1.72)
Cube:(0.75, 0.45, 0.35) pos:(4.52, 0.45, 1.17)
Cube:(0.75, 0.45, 0.35) pos:(4.52, 0.45, 1.52)
Cube:(0.75, 0.45, 0.35) pos:(4.52, 0.9, 1.66)
Cube:(0.75, 0.45, 0.35) pos:(4.52, 1.35, 1.58)
Cube:(0.75, 0.45, 0.35) pos:(4.52, 1.63, 1.82)
Cube:(0.75, 0.45, 0.35) pos:(4.52, 1.8, 1.82)
Cube:(0.75, 0.45, 0.35) pos:(4.59, 0.9, 1.52)
Cube:(0.75, 0.45, 0.35) pos:(4.59, 1.18, 1.79)
Cube:(0.75, 0.45, 0.35) pos:(4.59, 1.35, 1.79)
Cube:(0.75, 0.45, 0.35) pos:(4.59, 1.8, 1.68)
Cube:(0.75, 0.45, 0.35) pos:(4.6, 0.59, 1.48)
Cube:(0.75, 0.45, 0.35) pos:(4.6, 0.59, 1.83)
Cube:(0.75, 0.45, 0.35) pos:(4.6, 1.63, 1.54)
Cube:(0.75, 0.45, 0.35) pos:(4.63, 1.63, 1.79)
Cube:(0.75, 0.45, 0.35) pos:(4.63, 1.77, 1.75)
Cube:(0.75, 0.45, 0.35) pos:(4.67, 0.59, 1.79)
Cube:(0.75, 0.45, 0.35) pos:(4.75, 0.0, 1.48)