Cube:(1.18, 0.79, 0.51) pos:(0.0, 0.0, 0.0)
Cube:(1.18, 0.79, 0.51) pos:(0.0, 0.0, 0.51)
Cube:(1.18, 0.79, 0.51) pos:(0.0, 0.0, 1.02)
Cube:(1.18, 0.79, 0.51) pos:(0.0, 0.0, 1.53)
Cube:(1.18, 0.79, 0.51) pos:(0.07, 0.79, 0.0)
Cube:(1.18, 0.79, 0.51) pos:(0.17, 0.79, 0.51)
Cube:(1.18, 0.79, 0.51) pos:(0.26, 0.79, 1.02)
Cube:(1.18, 0.79, 0.51) pos:(0.35, 0.79, 1.53)
Cube:(1.18, 0.79, 0.51) pos:(1.18, 0.0, 0.0)
Cube:(1.18, 0.79, 0.51) pos:(1.18, 0.0, 0.51)
Cube:(1.18, 0.79, 0.51) pos:(1.18, 0.0, 1.02)
Cube:(1.18, 0.79, 0.51) pos:(1.18, 0.0, 1.53)
Cube:(1.18, 0.79, 0.51) pos:(1.25, 0.79, 1.53)
Cube:(1.18, 0.79, 0.51) pos:(1.35, 0.79, 1.53)
Cube:(1.18, 0.79, 0.51) pos:(1.44, 0.79, 1.53)
Cube:(1.18, 0.79, 0.51) pos:(1.53, 0.79, 1.53)
Cube:(0.86, 0.32, 0.31) pos:(1.19, 1.58, 0.0)
Cube:(0.86, 0.32, 0.31) pos:(1.2, 1.58, 0.31)
Cube:(0.86, 0.32, 0.31) pos:(1.22, 1.58, 0.62)
Cube:(0.86, 0.32, 0.31) pos:(1.24, 1.58, 0.93)
Cube:(0.86, 0.32, 0.31) pos:(1.25, 1.58, 1.24)
Cube:(0.86, 0.32, 0.31) pos:(1.27, 1.58, 1.55)
Cube:(0.86, 0.32, 0.31) pos:(1.29, 1.58, 1.86)
Cube:(0.86, 0.32, 0.31) pos:(1.3, 1.9, 0.0)
Cube:(0.64, 0.58, 0.52) pos:(2.06, 1.58, 1.55)
Cube:(0.64, 0.58, 0.52) pos:(2.1, 1.58, 1.45)
Cube:(0.64, 0.58, 0.52) pos:(2.11, 1.58, 1.66)
Cube:(0.64, 0.58, 0.52) pos:(2.16, 1.58, 1.56)
Cube:(0.64, 0.58, 0.52) pos:(2.36, 0.0, 0.0)
Cube:(0.64, 0.58, 0.52) pos:(2.36, 0.0, 0.52)
Cube:(0.64, 0.58, 0.52) pos:(2.36, 0.0, 1.04)
Cube:(0.64, 0.58, 0.52) pos:(2.36, 0.0, 1.56)
Cube:(0.64, 0.58, 0.52) pos:(2.43, 0.58, 1.53)
Cube:(0.64, 0.58, 0.52) pos:(2.53, 0.58, 1.54)
Cube:(0.64, 0.58, 0.52) pos:(2.62, 0.58, 1.55)
Cube:(0.64, 0.58, 0.52) pos:(2.7, 1.16, 1.56)
Cube:(0.64, 0.58, 0.52) pos:(2.7, 1.74, 1.56)
Cube:(0.64, 0.58, 0.52) pos:(2.71, 0.58, 1.56)
Cube:(0.42, 0.42, 0.32) pos:(2.43, 1.16, 1.53)
Cube:(0.42, 0.42, 0.32) pos:(2.43, 1.16, 1.85)
Cube:(0.42, 0.42, 0.32) pos:(2.53, 1.16, 1.67)
Cube:(0.42, 0.42, 0.32) pos:(2.71, 1.16, 1.48)
Cube:(0.42, 0.42, 0.32) pos:(2.71, 1.16, 1.8)
Cube:(0.42, 0.42, 0.32) pos:(2.74, 1.58, 1.56)
Cube:(0.42, 0.42, 0.32) pos:(2.74, 1.58, 1.88)
Cube:(0.42, 0.42, 0.32) pos:(2.75, 1.58, 1.68)
Cube:(0.42, 0.42, 0.32) pos:(2.8, 1.58, 1.48)
Cube:(0.42, 0.42, 0.32) pos:(2.8, 1.58, 1.8)
Cube:(0.42, 0.42, 0.32) pos:(2.85, 1.16, 1.48)
Cube:(0.42, 0.42, 0.32) pos:(2.85, 1.16, 1.8)
Cube:(0.42, 0.42, 0.32) pos:(2.95, 1.16, 1.8)
Cube:(0.42, 0.42, 0.32) pos:(3.0, 0.0, 0.0)
Cube:(0.64, 0.55, 0.43) pos:(3.0, 0.0, 0.32)
Cube:(0.64, 0.55, 0.43) pos:(3.0, 0.0, 0.75)
Cube:(0.64, 0.55, 0.43) pos:(3.0, 0.0, 1.18)
Cube:(0.64, 0.55, 0.43) pos:(3.0, 0.0, 1.61)
Cube:(0.64, 0.55, 0.43) pos:(3.07, 0.42, 1.72)
Cube:(0.64, 0.55, 0.43) pos:(3.13, 0.97, 1.56)
Cube:(0.64, 0.55, 0.43) pos:(3.16, 1.52, 1.48)
Cube:(0.64, 0.55, 0.43) pos:(3.17, 0.55, 1.47)
Cube:(0.64, 0.55, 0.43) pos:(3.17, 1.58, 1.59)
Cube:(0.64, 0.55, 0.43) pos:(3.22, 1.58, 1.38)
Cube:(0.64, 0.55, 0.43) pos:(3.26, 0.55, 1.38)
Cube:(0.64, 0.55, 0.43) pos:(3.34, 1.1, 1.29)
Cube:(0.64, 0.55, 0.43) pos:(3.34, 1.1, 1.72)
Cube:(0.64, 0.55, 0.43) pos:(3.34, 1.65, 1.29)
Cube:(0.64, 0.55, 0.43) pos:(3.34, 1.65, 1.72)
Cube:(0.64, 0.55, 0.43) pos:(3.35, 0.55, 1.29)
Cube:(0.84, 0.7, 0.35) pos:(3.27, 0.55, 1.81)
Cube:(0.84, 0.7, 0.35) pos:(3.71, 0.0, 1.64)
Cube:(0.84, 0.7, 0.35) pos:(3.77, 0.7, 1.64)
Cube:(0.84, 0.7, 0.35) pos:(3.8, 1.1, 1.72)
Cube:(0.84, 0.7, 0.35) pos:(3.81, 0.0, 1.56)
Cube:(0.84, 0.7, 0.35) pos:(3.81, 1.25, 1.64)
Cube:(0.84, 0.7, 0.35) pos:(3.86, 1.4, 1.56)
Cube:(0.84, 0.7, 0.35) pos:(3.9, 0.0, 1.48)
Cube:(0.84, 0.7, 0.35) pos:(3.9, 0.0, 1.83)
Cube:(0.84, 0.7, 0.35) pos:(3.98, 0.7, 1.13)
Cube:(0.76, 0.57, 0.36) pos:(3.98, 0.7, 1.48)
Cube:(0.76, 0.57, 0.36) pos:(3.98, 0.7, 1.84)
Cube:(0.76, 0.57, 0.36) pos:(3.98, 1.27, 1.4)
Cube:(0.76, 0.57, 0.36) pos:(3.98, 1.27, 1.76)
Cube:(0.76, 0.57, 0.36) pos:(3.98, 1.4, 1.77)
Cube:(0.76, 0.57, 0.36) pos:(3.99, 0.0, 1.75)
Cube:(0.76, 0.57, 0.36) pos:(4.11, 0.0, 1.76)
Cube:(0.76, 0.57, 0.36) pos:(4.11, 0.57, 1.77)
Cube:(0.76, 0.57, 0.36) pos:(4.55, 0.0, 1.77)
Cube:(0.76, 0.57, 0.36) pos:(4.61, 0.57, 1.78)
Cube:(0.76, 0.57, 0.36) pos:(4.64, 0.57, 1.79)
Cube:(0.76, 0.57, 0.36) pos:(4.64, 1.14, 1.78)
Cube:(0.76, 0.57, 0.36) pos:(4.64, 1.71, 1.78)
Cube:(0.76, 0.57, 0.36) pos:(4.65, 0.0, 1.78)
Cube:(0.95, 0.6, 0.55) pos:(4.7, 1.14, 1.44)
Cube:(0.95, 0.6, 0.55) pos:(4.74, 0.0, 1.44)
Cube:(0.95, 0.6, 0.55) pos:(4.74, 0.57, 1.63)
Cube:(0.95, 0.6, 0.55) pos:(4.74, 1.17, 1.26)
Cube:(0.95, 0.6, 0.55) pos:(4.74, 1.4, 1.46)
Cube:(0.95, 0.6, 0.55) pos:(4.82, 0.6, 1.63)