Cube:(0.98, 0.73, 0.44) pos:(0.0, 0.0, 0.0)
Cube:(0.98, 0.73, 0.44) pos:(0.0, 0.0, 0.44)
Cube:(0.98, 0.73, 0.44) pos:(0.0, 0.0, 0.88)
Cube:(0.98, 0.73, 0.44) pos:(0.0, 0.0, 1.32)
Cube:(0.98, 0.73, 0.44) pos:(0.0, 0.0, 1.76)
Cube:(0.98, 0.73, 0.44) pos:(0.01, 0.73, 0.0)
Cube:(0.6, 0.6, 0.38) pos:(0.07, 0.73, 0.44)
Cube:(0.6, 0.6, 0.38) pos:(0.1, 0.73, 0.82)
Cube:(0.6, 0.6, 0.38) pos:(0.12, 0.73, 1.2)
Cube:(0.6, 0.6, 0.38) pos:(0.15, 0.73, 1.58)
Cube:(0.6, 0.6, 0.38) pos:(0.18, 1.33, 0.44)
Cube:(0.6, 0.6, 0.38) pos:(0.2, 1.33, 0.82)
Cube:(0.6, 0.6, 0.38) pos:(0.23, 1.33, 1.2)
Cube:(1.05, 0.73, 0.6) pos:(0.26, 1.33, 1.58)
Cube:(1.05, 0.73, 0.6) pos:(0.78, 1.46, 1.36)
Cube:(1.05, 0.73, 0.6) pos:(0.8, 0.73, 1.42)
Cube:(1.05, 0.73, 0.6) pos:(0.8, 1.46, 1.58)
Cube:(1.05, 0.73, 0.6) pos:(0.98, 0.0, 0.0)
Cube:(1.05, 0.73, 0.6) pos:(0.98, 0.0, 0.6)
Cube:(1.05, 0.73, 0.6) pos:(0.98, 0.0, 1.2)
Cube:(1.05, 0.73, 0.6) pos:(0.99, 0.73, 1.2)
Cube:(1.05, 0.73, 0.6) pos:(1.31, 0.73, 1.2)
Cube:(1.05, 0.73, 0.6) pos:(1.31, 1.46, 1.2)
Cube:(0.9, 0.77, 0.52) pos:(1.83, 1.46, 1.2)
Cube:(0.9, 0.77, 0.52) pos:(1.85, 0.73, 1.2)
Cube:(0.9, 0.77, 0.52) pos:(1.85, 1.46, 1.64)
Cube:(0.66, 0.58, 0.24) pos:(1.36, 0.0, 1.8)
Cube:(0.66, 0.58, 0.24) pos:(1.38, 0.58, 1.8)
Cube:(0.66, 0.58, 0.24) pos:(1.4, 1.5, 1.8)
Cube:(0.66, 0.58, 0.24) pos:(1.83, 1.5, 1.96)
Cube:(0.66, 0.58, 0.24) pos:(1.85, 0.73, 1.96)
Cube:(1.06, 0.76, 0.55) pos:(2.04, 0.0, 1.36)
Cube:(1.06, 0.76, 0.55) pos:(2.36, 0.0, 1.31)
Cube:(1.06, 0.76, 0.55) pos:(2.36, 0.76, 1.56)
Cube:(1.06, 0.76, 0.55) pos:(2.36, 1.52, 1.28)
Cube:(1.06, 0.76, 0.55) pos:(2.49, 1.5, 1.59)
Cube:(1.06, 0.76, 0.55) pos:(2.51, 0.0, 1.62)
Cube:(1.06, 0.76, 0.55) pos:(2.73, 0.76, 1.62)
Cube:(1.06, 0.76, 0.55) pos:(2.73, 1.52, 1.62)
Cube:(1.06, 0.76, 0.55) pos:(2.75, 0.0, 1.65)
Cube:(1.06, 0.76, 0.55) pos:(2.75, 0.76, 1.65)
Cube:(0.55, 0.44, 0.36) pos:(2.32, 0.76, 1.65)
Cube:(0.55, 0.44, 0.36) pos:(2.75, 1.52, 1.65)
Cube:(0.55, 0.44, 0.36) pos:(2.87, 0.76, 1.65)
Cube:(0.55, 0.44, 0.36) pos:(3.1, 0.0, 1.65)
Cube:(0.55, 0.44, 0.36) pos:(3.3, 1.52, 1.65)
Cube:(0.55, 0.44, 0.36) pos:(3.42, 0.0, 1.46)
Cube:(0.55, 0.44, 0.36) pos:(3.42, 0.0, 1.82)
Cube:(0.55, 0.44, 0.36) pos:(3.42, 0.44, 1.1)
Cube:(0.55, 0.44, 0.36) pos:(3.42, 0.44, 1.46)
Cube:(0.55, 0.44, 0.36) pos:(3.42, 0.44, 1.82)
Cube:(0.55, 0.44, 0.36) pos:(3.42, 0.88, 1.1)
Cube:(0.55, 0.44, 0.36) pos:(3.42, 0.88, 1.46)
Cube:(0.82, 0.58, 0.23) pos:(3.42, 0.88, 1.82)
Cube:(0.82, 0.58, 0.23) pos:(3.42, 1.32, 1.65)
Cube:(0.82, 0.58, 0.23) pos:(3.42, 1.32, 1.88)
Cube:(0.82, 0.58, 0.23) pos:(3.42, 1.52, 1.92)
Cube:(0.82, 0.58, 0.23) pos:(3.55, 1.32, 1.79)
Cube:(0.82, 0.58, 0.23) pos:(3.55, 1.46, 1.83)
Cube:(0.82, 0.58, 0.23) pos:(3.57, 0.0, 1.63)
Cube:(0.74, 0.61, 0.58) pos:(3.79, 0.88, 1.5)
Cube:(0.74, 0.61, 0.58) pos:(3.79, 1.49, 1.51)
Cube:(0.74, 0.61, 0.58) pos:(3.81, 0.0, 1.31)
Cube:(0.74, 0.61, 0.58) pos:(3.81, 0.61, 1.53)
Cube:(0.74, 0.61, 0.58) pos:(3.97, 0.0, 0.81)
Cube:(0.74, 0.61, 0.58) pos:(3.97, 0.0, 1.39)
Cube:(0.81, 0.39, 0.24) pos:(3.42, 1.9, 1.69)
Cube:(0.81, 0.39, 0.24) pos:(3.42, 1.9, 1.93)
Cube:(0.81, 0.39, 0.24) pos:(3.55, 1.9, 1.88)
Cube:(0.81, 0.39, 0.24) pos:(3.85, 1.22, 1.73)
Cube:(0.81, 0.39, 0.24) pos:(3.85, 1.61, 1.76)
Cube:(0.81, 0.39, 0.24) pos:(3.97, 0.58, 1.74)
Cube:(0.81, 0.39, 0.24) pos:(3.97, 0.61, 1.63)
Cube:(0.81, 0.39, 0.24) pos:(3.97, 0.61, 1.87)
Cube:(0.71, 0.65, 0.39) pos:(4.24, 0.97, 1.64)
Cube:(0.71, 0.65, 0.39) pos:(4.24, 1.0, 1.67)
Cube:(0.71, 0.65, 0.39) pos:(4.24, 1.62, 1.67)
Cube:(0.71, 0.65, 0.39) pos:(4.24, 1.65, 1.68)
Cube:(0.71, 0.65, 0.39) pos:(4.37, 1.22, 1.6)
Cube:(0.71, 0.65, 0.39) pos:(4.53, 0.61, 1.45)
Cube:(0.71, 0.65, 0.39) pos:(4.53, 1.0, 1.8)
Cube:(0.71, 0.65, 0.39) pos:(4.53, 1.26, 1.8)
Cube:(0.71, 0.65, 0.39) pos:(4.53, 1.65, 1.8)
Cube:(0.71, 0.65, 0.39) pos:(4.55, 0.0, 1.4)
Cube:(0.71, 0.65, 0.39) pos:(4.55, 0.0, 1.79)
Cube:(1.05, 0.97, 0.47) pos:(4.78, 0.0, 1.17)
Cube:(1.05, 0.97, 0.47) pos:(4.78, 0.0, 1.64)