Cube:(1.08, 0.76, 0.3) pos:(0.0, 0.0, 0.0)
Cube:(1.08, 0.76, 0.3) pos:(0.0, 0.0, 0.3)
Cube:(1.08, 0.76, 0.3) pos:(0.0, 0.0, 0.6)
Cube:(1.08, 0.76, 0.3) pos:(0.0, 0.0, 0.9)
Cube:(1.08, 0.76, 0.3) pos:(0.0, 0.0, 1.2)
Cube:(1.08, 0.76, 0.3) pos:(0.0, 0.0, 1.5)
Cube:(1.08, 0.76, 0.3) pos:(0.0, 0.0, 1.8)
Cube:(1.08, 0.76, 0.3) pos:(0.04, 0.76, 0.0)
Cube:(1.08, 0.76, 0.3) pos:(0.09, 0.76, 0.3)
Cube:(1.08, 0.76, 0.3) pos:(0.13, 0.76, 0.6)
Cube:(1.08, 0.76, 0.3) pos:(0.18, 0.76, 0.9)
Cube:(1.08, 0.76, 0.3) pos:(0.23, 0.76, 1.2)
Cube:(1.1, 0.43, 0.25) pos:(0.28, 0.76, 1.5)
Cube:(1.1, 0.43, 0.25) pos:(0.3, 0.76, 1.75)
Cube:(1.1, 0.43, 0.25) pos:(0.32, 1.19, 1.5)
Cube:(1.1, 0.43, 0.25) pos:(0.35, 1.19, 1.75)
Cube:(1.1, 0.43, 0.25) pos:(0.37, 1.52, 0.5)
Cube:(1.1, 0.43, 0.25) pos:(0.39, 1.52, 0.75)
Cube:(1.1, 0.43, 0.25) pos:(0.42, 1.52, 1.0)
Cube:(1.1, 0.43, 0.25) pos:(0.44, 1.52, 1.25)
Cube:(1.1, 0.43, 0.25) pos:(0.46, 1.52, 1.5)
Cube:(1.1, 0.43, 0.25) pos:(0.49, 1.52, 1.75)
Cube:(1.1, 0.43, 0.25) pos:(0.51, 1.62, 1.5)
Cube:(1.1, 0.43, 0.25) pos:(0.53, 1.62, 1.75)
Cube:(0.92, 0.81, 0.55) pos:(1.17, 0.0, 1.4)
Cube:(0.92, 0.81, 0.55) pos:(1.21, 0.0, 1.65)
Cube:(0.92, 0.81, 0.55) pos:(1.31, 0.0, 1.6)
Cube:(0.92, 0.81, 0.55) pos:(1.4, 0.0, 1.65)
Cube:(0.92, 0.81, 0.55) pos:(1.45, 0.81, 1.5)
Cube:(0.92, 0.81, 0.55) pos:(1.49, 0.81, 1.55)
Cube:(0.81, 0.33, 0.28) pos:(1.03, 1.95, 0.5)
Cube:(0.81, 0.33, 0.28) pos:(1.05, 1.95, 0.78)
Cube:(0.81, 0.33, 0.28) pos:(1.06, 1.95, 1.06)
Cube:(0.81, 0.33, 0.28) pos:(1.08, 1.95, 1.34)
Cube:(0.81, 0.33, 0.28) pos:(1.09, 1.95, 1.62)
Cube:(0.81, 0.33, 0.28) pos:(1.11, 1.95, 1.9)
Cube:(0.81, 0.33, 0.28) pos:(1.12, 0.81, 1.7)
Cube:(0.81, 0.33, 0.28) pos:(1.14, 1.14, 1.7)
Cube:(0.81, 0.33, 0.28) pos:(1.17, 0.81, 1.68)
Cube:(1.2, 0.99, 0.73) pos:(1.84, 1.14, 1.4)
Cube:(1.2, 0.99, 0.73) pos:(2.13, 0.0, 1.1)
Cube:(1.2, 0.99, 0.73) pos:(2.37, 0.0, 1.28)
Cube:(1.2, 0.99, 0.73) pos:(2.37, 0.99, 1.28)
Cube:(1.2, 0.99, 0.73) pos:(2.41, 0.0, 1.46)
Cube:(1.11, 0.7, 0.48) pos:(2.01, 1.62, 1.46)
Cube:(1.11, 0.7, 0.48) pos:(3.04, 0.99, 1.21)
Cube:(1.11, 0.7, 0.48) pos:(3.04, 0.99, 1.69)
Cube:(1.11, 0.7, 0.48) pos:(3.12, 0.99, 1.69)
Cube:(1.11, 0.7, 0.48) pos:(3.33, 0.0, 1.46)
Cube:(1.11, 0.7, 0.48) pos:(3.57, 0.0, 1.21)
Cube:(1.11, 0.7, 0.48) pos:(3.57, 0.0, 1.69)
Cube:(1.11, 0.7, 0.48) pos:(3.57, 0.7, 1.44)
Cube:(1.11, 0.7, 0.48) pos:(3.57, 1.4, 1.44)
Cube:(1.11, 0.7, 0.48) pos:(3.61, 0.0, 1.44)
Cube:(1.11, 0.7, 0.48) pos:(4.15, 0.7, 0.96)
Cube:(1.11, 0.7, 0.48) pos:(4.15, 0.7, 1.44)
Cube:(0.98, 0.72, 0.46) pos:(4.15, 1.4, 0.96)
Cube:(0.98, 0.72, 0.46) pos:(4.15, 1.4, 1.42)
Cube:(0.98, 0.72, 0.46) pos:(4.23, 0.7, 1.44)
Cube:(0.98, 0.72, 0.46) pos:(4.23, 1.42, 1.4)
Cube:(0.98, 0.72, 0.46) pos:(4.68, 0.0, 1.42)
Cube:(0.98, 0.72, 0.46) pos:(4.68, 0.72, 1.42)
Cube:(0.98, 0.72, 0.46) pos:(4.68, 1.44, 1.38)
Cube:(0.95, 0.66, 0.31) pos:(4.15, 1.4, 1.88)
Cube:(0.95, 0.66, 0.31) pos:(4.44, 0.0, 1.44)
Cube:(0.95, 0.66, 0.31) pos:(4.44, 0.0, 1.75)
Cube:(0.95, 0.66, 0.31) pos:(4.68, 0.0, 1.56)
Cube:(0.95, 0.66, 0.31) pos:(4.68, 0.0, 1.87)
Cube:(0.95, 0.66, 0.31) pos:(4.68, 0.66, 1.88)
Cube:(0.95, 0.66, 0.31) pos:(4.72, 0.0, 1.7)
Cube:(0.71, 0.32, 0.25) pos:(3.59, 0.7, 1.92)
Cube:(0.71, 0.32, 0.25) pos:(3.6, 1.02, 1.92)
Cube:(0.71, 0.32, 0.25) pos:(3.62, 0.0, 1.92)
Cube:(0.36, 0.34, 0.25) pos:(3.63, 0.32, 1.92)
Cube:(0.36, 0.34, 0.25) pos:(3.63, 1.34, 1.92)
Cube:(0.36, 0.34, 0.25) pos:(3.64, 1.68, 1.92)
Cube:(0.36, 0.34, 0.25) pos:(3.64, 1.69, 0.73)
Cube:(0.36, 0.34, 0.25) pos:(3.65, 1.69, 0.98)
Cube:(0.36, 0.34, 0.25) pos:(3.66, 1.69, 1.23)
Cube:(0.36, 0.34, 0.25) pos:(3.66, 1.69, 1.48)
Cube:(0.36, 0.34, 0.25) pos:(3.67, 1.69, 1.73)
Cube:(0.36, 0.34, 0.25) pos:(3.99, 0.32, 1.92)
Cube:(0.36, 0.34, 0.25) pos:(4.3, 0.66, 1.92)
Cube:(0.33, 0.25, 0.23) pos:(3.69, 0.66, 1.92)
Cube:(0.33, 0.25, 0.23) pos:(3.69, 0.7, 0.96)
Cube:(0.33, 0.25, 0.23) pos:(3.69, 0.7, 1.19)
Cube:(0.33, 0.25, 0.23) pos:(3.7, 0.7, 1.42)
Cube:(0.33, 0.25, 0.23) pos:(3.7, 0.7, 1.65)
Cube:(0.33, 0.25, 0.23) pos:(3.71, 0.7, 1.88)
Cube:(0.33, 0.25, 0.23) pos:(3.71, 2.02, 1.73)
Cube:(0.95, 0.27, 0.26) pos:(3.71, 2.06, 1.86)
Cube:(0.95, 0.27, 0.26) pos:(4.66, 2.06, 1.86)