Cube:(0.49, 0.25, 0.21) pos:(0.0, 0.0, 0.0)
Cube:(0.49, 0.25, 0.21) pos:(0.0, 0.0, 0.21)
Cube:(0.49, 0.25, 0.21) pos:(0.0, 0.0, 0.42)
Cube:(0.49, 0.25, 0.21) pos:(0.0, 0.0, 0.63)
Cube:(0.49, 0.25, 0.21) pos:(0.0, 0.0, 0.84)
Cube:(0.49, 0.25, 0.21) pos:(0.0, 0.0, 1.05)
Cube:(0.49, 0.25, 0.21) pos:(0.0, 0.0, 1.26)
Cube:(0.49, 0.25, 0.21) pos:(0.0, 0.0, 1.47)
Cube:(0.49, 0.25, 0.21) pos:(0.0, 0.0, 1.68)
Cube:(0.49, 0.25, 0.21) pos:(0.0, 0.0, 1.89)
Cube:(0.49, 0.25, 0.21) pos:(0.0, 0.25, 0.0)
Cube:(0.49, 0.25, 0.21) pos:(0.0, 0.25, 0.21)
Cube:(0.49, 0.25, 0.21) pos:(0.0, 0.25, 0.42)
Cube:(0.6, 0.51, 0.41) pos:(0.0, 0.25, 0.63)
Cube:(0.6, 0.51, 0.41) pos:(0.0, 0.25, 1.04)
Cube:(0.6, 0.51, 0.41) pos:(0.0, 0.25, 1.45)
Cube:(0.6, 0.51, 0.41) pos:(0.0, 0.5, 1.23)
Cube:(0.6, 0.51, 0.41) pos:(0.0, 0.5, 1.64)
Cube:(0.6, 0.51, 0.41) pos:(0.0, 0.76, 0.82)
Cube:(0.6, 0.51, 0.41) pos:(0.0, 0.76, 1.23)
Cube:(0.6, 0.51, 0.41) pos:(0.0, 0.76, 1.64)
Cube:(0.6, 0.51, 0.41) pos:(0.0, 1.01, 1.23)
Cube:(1.03, 0.76, 0.64) pos:(0.0, 1.27, 0.41)
Cube:(1.03, 0.76, 0.64) pos:(0.08, 1.27, 1.05)
Cube:(1.03, 0.76, 0.64) pos:(0.18, 1.52, 1.28)
Cube:(1.03, 0.76, 0.64) pos:(0.6, 0.0, 0.0)
Cube:(1.03, 0.76, 0.64) pos:(0.6, 0.0, 0.64)
Cube:(1.03, 0.76, 0.64) pos:(0.6, 0.0, 1.28)
Cube:(1.03, 0.76, 0.64) pos:(0.6, 0.76, 1.28)
Cube:(1.03, 0.76, 0.64) pos:(1.03, 0.76, 1.28)
Cube:(0.95, 0.7, 0.62) pos:(1.03, 1.52, 1.28)
Cube:(0.95, 0.7, 0.62) pos:(1.11, 0.76, 1.28)
Cube:(0.95, 0.7, 0.62) pos:(1.11, 1.46, 1.28)
Cube:(0.95, 0.7, 0.62) pos:(1.21, 1.52, 1.24)
Cube:(0.95, 0.7, 0.62) pos:(1.63, 0.0, 0.0)
Cube:(0.95, 0.7, 0.62) pos:(1.63, 0.0, 0.62)
Cube:(1.11, 0.49, 0.26) pos:(1.25, 0.0, 1.92)
Cube:(1.11, 0.49, 0.26) pos:(1.28, 0.49, 1.92)
Cube:(1.11, 0.49, 0.26) pos:(1.31, 0.98, 1.9)
Cube:(1.11, 0.49, 0.26) pos:(1.33, 1.47, 1.9)
Cube:(1.11, 0.49, 0.26) pos:(1.63, 0.0, 1.5)
Cube:(1.11, 0.49, 0.26) pos:(1.63, 0.0, 1.76)
Cube:(1.11, 0.49, 0.26) pos:(1.63, 0.49, 1.52)
Cube:(1.11, 0.49, 0.26) pos:(1.63, 0.49, 1.78)
Cube:(1.11, 0.49, 0.26) pos:(1.63, 0.98, 1.52)
Cube:(1.11, 0.49, 0.26) pos:(1.63, 0.98, 1.78)
Cube:(0.74, 0.42, 0.4) pos:(1.98, 1.47, 1.52)
Cube:(0.74, 0.42, 0.4) pos:(1.98, 1.89, 1.5)
Cube:(0.74, 0.42, 0.4) pos:(2.06, 0.7, 0.78)
Cube:(0.74, 0.42, 0.4) pos:(2.06, 0.7, 1.18)
Cube:(0.85, 0.84, 0.72) pos:(2.06, 1.12, 1.28)
Cube:(0.85, 0.84, 0.72) pos:(2.16, 1.47, 1.38)
Cube:(0.85, 0.84, 0.72) pos:(2.58, 0.0, 1.32)
Cube:(0.85, 0.84, 0.72) pos:(2.72, 0.84, 1.44)
Cube:(0.85, 0.84, 0.72) pos:(2.8, 0.0, 0.72)
Cube:(0.85, 0.84, 0.72) pos:(2.8, 0.0, 1.44)
Cube:(0.85, 0.84, 0.72) pos:(2.91, 0.84, 1.44)
Cube:(0.85, 0.84, 0.72) pos:(3.01, 0.84, 1.44)
Cube:(0.85, 0.84, 0.72) pos:(3.43, 0.0, 1.44)
Cube:(0.85, 0.84, 0.72) pos:(3.57, 0.84, 1.44)
Cube:(0.48, 0.36, 0.31) pos:(2.63, 1.68, 1.84)
Cube:(0.48, 0.36, 0.31) pos:(2.64, 1.96, 1.43)
Cube:(0.48, 0.36, 0.31) pos:(2.65, 1.96, 1.74)
Cube:(0.48, 0.36, 0.31) pos:(2.72, 1.68, 1.75)
Cube:(0.48, 0.36, 0.31) pos:(3.01, 1.68, 1.24)
Cube:(0.48, 0.36, 0.31) pos:(3.01, 1.68, 1.55)
Cube:(0.48, 0.36, 0.31) pos:(3.01, 1.68, 1.86)
Cube:(0.48, 0.36, 0.31) pos:(3.11, 1.68, 1.86)
Cube:(0.48, 0.36, 0.31) pos:(3.12, 1.68, 1.86)
Cube:(0.48, 0.36, 0.31) pos:(3.13, 1.68, 1.86)
Cube:(0.86, 0.76, 0.38) pos:(3.65, 0.0, 0.72)
Cube:(0.86, 0.76, 0.38) pos:(3.65, 0.0, 1.1)
Cube:(0.86, 0.76, 0.38) pos:(3.65, 0.0, 1.48)
Cube:(0.86, 0.76, 0.38) pos:(3.76, 0.76, 1.44)
Cube:(0.86, 0.76, 0.38) pos:(3.76, 0.76, 1.82)
Cube:(0.86, 0.76, 0.38) pos:(3.76, 1.52, 1.44)
Cube:(0.86, 0.76, 0.38) pos:(3.76, 1.52, 1.82)
Cube:(0.86, 0.76, 0.38) pos:(3.86, 0.76, 1.48)
Cube:(0.86, 0.76, 0.38) pos:(3.86, 1.52, 1.48)
Cube:(0.86, 0.76, 0.38) pos:(4.28, 0.0, 1.14)
Cube:(0.86, 0.76, 0.38) pos:(4.28, 0.0, 1.52)
Cube:(0.86, 0.76, 0.38) pos:(4.42, 0.76, 1.14)
Cube:(0.71, 0.48, 0.47) pos:(3.49, 1.68, 1.14)
Cube:(0.71, 0.48, 0.47) pos:(3.49, 1.68, 1.61)
Cube:(0.71, 0.48, 0.47) pos:(4.2, 1.68, 1.14)
Cube:(0.71, 0.48, 0.47) pos:(4.2, 1.68, 1.61)
Cube:(0.71, 0.48, 0.47) pos:(4.42, 0.76, 1.52)
Cube:(0.71, 0.48, 0.47) pos:(4.51, 0.0, 0.76)
Cube:(0.71, 0.48, 0.47) pos:(4.51, 0.0, 1.23)
Cube:(0.71, 0.48, 0.47) pos:(4.51, 0.0, 1.7)
Cube:(0.71, 0.48, 0.47) pos:(4.62, 0.48, 1.23)
Cube:(0.71, 0.48, 0.47) pos:(4.62, 0.48, 1.7)
Cube:(0.71, 0.48, 0.47) pos:(4.62, 0.96, 1.23)
Cube:(0.71, 0.48, 0.47) pos:(4.62, 0.96, 1.7)
Cube:(0.71, 0.48, 0.47) pos:(4.62, 1.24, 1.7)
Cube:(0.71, 0.48, 0.47) pos:(4.62, 1.72, 1.32)
Cube:(0.9, 0.43, 0.33) pos:(4.62, 1.44, 1.79)
Cube:(0.9, 0.43, 0.33) pos:(4.62, 1.87, 1.79)
Cube:(0.9, 0.43, 0.33) pos:(4.72, 0.48, 1.79)
Cube:(0.9, 0.43, 0.33) pos:(4.72, 0.91, 1.79)
Cube:(0.9, 0.43, 0.33) pos:(4.72, 1.34, 1.79)
Cube:(0.9, 0.43, 0.33) pos:(4.72, 1.77, 1.74)
Cube:(0.9, 0.43, 0.33) pos:(4.91, 1.44, 1.51)
Cube:(0.9, 0.43, 0.33) pos:(4.91, 1.44, 1.84)
Cube:(0.9, 0.43, 0.33) pos:(4.91, 1.52, 1.79)
Cube:(0.73, 0.37, 0.23) pos:(4.91, 1.87, 1.46)
Cube:(0.73, 0.37, 0.23) pos:(4.91, 1.87, 1.69)
Cube:(0.73, 0.37, 0.23) pos:(4.91, 1.87, 1.92)
Cube:(0.73, 0.37, 0.23) pos:(4.91, 1.95, 1.82)
Cube:(0.73, 0.37, 0.23) pos:(5.13, 0.76, 1.65)
Cube:(0.73, 0.37, 0.23) pos:(5.13, 0.76, 1.88)
Cube:(0.73, 0.37, 0.23) pos:(5.14, 0.0, 1.41)
Cube:(0.73, 0.37, 0.23) pos:(5.14, 0.0, 1.64)
Cube:(0.73, 0.37, 0.23) pos:(5.14, 0.0, 1.87)
Cube:(0.73, 0.37, 0.23) pos:(5.14, 0.37, 1.41)
Cube:(0.61, 0.48, 0.39) pos:(5.22, 0.0, 0.69)
Cube:(0.61, 0.48, 0.39) pos:(5.22, 0.0, 1.08)
Cube:(0.61, 0.48, 0.39) pos:(5.22, 0.0, 1.47)