Cube:(0.97, 0.81, 0.27) pos:(0.0, 0.0, 0.0)
Cube:(0.97, 0.81, 0.27) pos:(0.0, 0.0, 0.27)
Cube:(0.97, 0.81, 0.27) pos:(0.0, 0.0, 0.54)
Cube:(0.97, 0.81, 0.27) pos:(0.0, 0.0, 0.81)
Cube:(0.97, 0.81, 0.27) pos:(0.0, 0.0, 1.08)
Cube:(0.97, 0.81, 0.27) pos:(0.0, 0.0, 1.35)
Cube:(1.02, 0.78, 0.39) pos:(0.0, 0.0, 1.62)
Cube:(1.02, 0.78, 0.39) pos:(0.01, 0.78, 1.62)
Cube:(1.02, 0.78, 0.39) pos:(0.07, 0.81, 0.39)
Cube:(1.02, 0.78, 0.39) pos:(0.13, 0.81, 0.78)
Cube:(1.02, 0.78, 0.39) pos:(0.19, 0.81, 1.17)
Cube:(1.02, 0.78, 0.39) pos:(0.25, 0.81, 1.56)
Cube:(1.13, 0.46, 0.36) pos:(0.31, 1.56, 1.56)
Cube:(1.13, 0.46, 0.36) pos:(0.35, 1.59, 0.36)
Cube:(1.13, 0.46, 0.36) pos:(0.39, 1.59, 0.72)
Cube:(1.13, 0.46, 0.36) pos:(0.42, 1.59, 1.08)
Cube:(1.13, 0.46, 0.36) pos:(0.46, 1.59, 1.44)
Cube:(1.13, 0.46, 0.36) pos:(0.5, 1.59, 1.8)
Cube:(1.13, 0.46, 0.36) pos:(0.97, 0.0, 0.39)
Cube:(1.13, 0.46, 0.36) pos:(0.97, 0.0, 0.75)
Cube:(1.13, 0.46, 0.36) pos:(0.97, 0.0, 1.11)
Cube:(1.13, 0.46, 0.36) pos:(0.97, 0.0, 1.47)
Cube:(1.13, 0.46, 0.36) pos:(0.97, 0.0, 1.83)
Cube:(1.13, 0.46, 0.36) pos:(1.02, 0.0, 1.8)
Cube:(1.13, 0.46, 0.36) pos:(1.03, 0.46, 1.56)
Cube:(1.13, 0.46, 0.36) pos:(1.03, 0.92, 1.56)
Cube:(1.13, 0.46, 0.36) pos:(1.09, 0.46, 1.53)
Cube:(0.66, 0.5, 0.42) pos:(1.09, 0.92, 1.53)
Cube:(0.66, 0.5, 0.42) pos:(1.15, 0.46, 1.56)
Cube:(0.66, 0.5, 0.42) pos:(1.15, 0.96, 1.56)
Cube:(0.66, 0.5, 0.42) pos:(1.21, 0.46, 1.59)
Cube:(0.66, 0.5, 0.42) pos:(1.21, 0.96, 1.59)
Cube:(0.66, 0.5, 0.42) pos:(1.27, 0.46, 1.62)
Cube:(0.66, 0.5, 0.42) pos:(1.27, 0.96, 1.62)
Cube:(0.66, 0.5, 0.42) pos:(1.48, 1.38, 1.68)
Cube:(1.01, 0.3, 0.26) pos:(1.08, 2.02, 1.8)
Cube:(1.01, 0.3, 0.26) pos:(1.44, 1.42, 1.86)
Cube:(1.01, 0.3, 0.26) pos:(1.44, 1.72, 1.86)
Cube:(1.01, 0.3, 0.26) pos:(1.48, 1.88, 1.7)
Cube:(1.01, 0.3, 0.26) pos:(1.52, 1.42, 1.94)
Cube:(1.01, 0.3, 0.26) pos:(1.52, 1.72, 1.76)
Cube:(1.0, 0.56, 0.35) pos:(1.55, 1.46, 1.66)
Cube:(1.0, 0.56, 0.35) pos:(1.59, 1.46, 1.65)
Cube:(1.0, 0.56, 0.35) pos:(1.63, 1.46, 1.64)
Cube:(1.0, 0.56, 0.35) pos:(1.81, 0.46, 1.56)
Cube:(1.0, 0.56, 0.35) pos:(1.87, 0.46, 1.49)
Cube:(1.0, 0.56, 0.35) pos:(1.87, 0.46, 1.84)
Cube:(1.0, 0.56, 0.35) pos:(1.93, 0.46, 1.77)
Cube:(0.91, 0.5, 0.4) pos:(1.93, 0.92, 1.76)
Cube:(0.91, 0.5, 0.4) pos:(2.14, 1.02, 1.57)
Cube:(0.91, 0.5, 0.4) pos:(2.16, 0.0, 1.76)
Cube:(0.91, 0.5, 0.4) pos:(2.16, 0.5, 1.8)
Cube:(0.91, 0.5, 0.4) pos:(2.22, 0.0, 1.8)
Cube:(0.91, 0.5, 0.4) pos:(2.45, 1.0, 1.8)
Cube:(0.91, 0.5, 0.4) pos:(2.45, 1.5, 1.71)
Cube:(0.91, 0.5, 0.4) pos:(2.49, 1.52, 1.71)
Cube:(0.91, 0.5, 0.4) pos:(2.55, 1.02, 1.5)
Cube:(0.91, 0.5, 0.4) pos:(2.55, 1.52, 1.5)
Cube:(0.91, 0.5, 0.4) pos:(2.59, 1.02, 1.6)
Cube:(0.91, 0.5, 0.4) pos:(2.59, 1.52, 1.55)
Cube:(1.06, 0.61, 0.56) pos:(2.63, 1.42, 1.6)
Cube:(1.06, 0.61, 0.56) pos:(2.84, 0.5, 1.6)
Cube:(1.06, 0.61, 0.56) pos:(2.87, 0.0, 1.31)
Cube:(1.06, 0.61, 0.56) pos:(2.93, 0.0, 1.52)
Cube:(1.06, 0.61, 0.56) pos:(3.36, 0.61, 1.36)
Cube:(1.06, 0.61, 0.56) pos:(3.4, 1.11, 1.36)
Cube:(1.06, 0.61, 0.56) pos:(3.4, 1.72, 1.36)
Cube:(1.06, 0.61, 0.56) pos:(3.46, 0.61, 1.52)
Cube:(1.06, 0.61, 0.56) pos:(3.46, 1.22, 1.52)
Cube:(1.06, 0.61, 0.56) pos:(3.69, 1.22, 1.12)
Cube:(1.03, 0.63, 0.58) pos:(3.9, 0.0, 1.12)
Cube:(1.03, 0.63, 0.58) pos:(4.42, 0.0, 1.14)
Cube:(1.03, 0.63, 0.58) pos:(4.46, 0.63, 1.12)
Cube:(1.03, 0.63, 0.58) pos:(4.46, 1.26, 1.12)
Cube:(1.03, 0.63, 0.58) pos:(4.52, 0.0, 1.16)
Cube:(1.03, 0.63, 0.58) pos:(4.52, 0.63, 1.14)
Cube:(1.03, 0.63, 0.58) pos:(4.52, 1.26, 1.14)
Cube:(1.03, 0.63, 0.58) pos:(4.75, 0.63, 1.16)
Cube:(0.75, 0.57, 0.41) pos:(3.16, 0.0, 1.7)
Cube:(0.75, 0.57, 0.41) pos:(3.5, 0.57, 1.7)
Cube:(0.75, 0.57, 0.41) pos:(3.5, 1.14, 1.68)
Cube:(0.75, 0.57, 0.41) pos:(3.5, 1.71, 1.68)
Cube:(0.75, 0.57, 0.41) pos:(3.91, 0.0, 1.74)
Cube:(0.75, 0.57, 0.41) pos:(4.25, 0.57, 1.74)
Cube:(0.75, 0.57, 0.41) pos:(4.25, 1.14, 1.74)
Cube:(0.75, 0.57, 0.41) pos:(4.25, 1.71, 1.72)
Cube:(0.75, 0.57, 0.41) pos:(4.66, 0.0, 1.74)
Cube:(0.75, 0.57, 0.41) pos:(4.75, 1.26, 1.57)
Cube:(0.75, 0.57, 0.41) pos:(4.93, 0.0, 1.57)
Cube:(0.85, 0.67, 0.39) pos:(5.0, 0.57, 1.74)
Cube:(0.85, 0.67, 0.39) pos:(5.0, 1.24, 1.74)
Cube:(0.61, 0.48, 0.3) pos:(3.62, 1.83, 1.53)
Cube:(0.61, 0.48, 0.3) pos:(3.64, 1.83, 1.83)
Cube:(0.61, 0.48, 0.3) pos:(3.69, 1.83, 1.57)
Cube:(0.61, 0.48, 0.3) pos:(3.69, 1.83, 1.87)
Cube:(0.61, 0.48, 0.3) pos:(3.9, 0.63, 1.55)
Cube:(0.61, 0.48, 0.3) pos:(3.9, 0.63, 1.85)
Cube:(0.61, 0.48, 0.3) pos:(4.23, 1.83, 1.87)
Cube:(0.61, 0.48, 0.3) pos:(4.25, 1.83, 1.87)
Cube:(0.61, 0.48, 0.3) pos:(4.84, 1.83, 1.87)
Cube:(0.61, 0.48, 0.3) pos:(4.86, 1.83, 1.87)