Cube:(1.13, 0.92, 0.33) pos:(0.0, 0.0, 0.0)
Cube:(1.13, 0.92, 0.33) pos:(0.0, 0.0, 0.33)
Cube:(1.13, 0.92, 0.33) pos:(0.0, 0.0, 0.66)
Cube:(1.13, 0.92, 0.33) pos:(0.0, 0.0, 0.99)
Cube:(1.13, 0.92, 0.33) pos:(0.0, 0.0, 1.32)
Cube:(1.13, 0.92, 0.33) pos:(0.04, 0.0, 1.65)
Cube:(1.13, 0.92, 0.33) pos:(0.1, 0.92, 0.0)
Cube:(1.13, 0.92, 0.33) pos:(0.17, 0.92, 0.33)
Cube:(0.52, 0.37, 0.28) pos:(0.24, 0.92, 0.66)
Cube:(0.52, 0.37, 0.28) pos:(0.25, 0.92, 0.94)
Cube:(0.52, 0.37, 0.28) pos:(0.26, 0.92, 1.22)
Cube:(0.52, 0.37, 0.28) pos:(0.27, 0.92, 1.5)
Cube:(0.52, 0.37, 0.28) pos:(0.28, 0.92, 1.78)
Cube:(0.52, 0.37, 0.28) pos:(0.29, 1.29, 0.66)
Cube:(0.52, 0.37, 0.28) pos:(0.3, 1.29, 0.94)
Cube:(0.52, 0.37, 0.28) pos:(0.31, 1.29, 1.22)
Cube:(0.52, 0.37, 0.28) pos:(0.32, 1.29, 1.5)
Cube:(0.52, 0.37, 0.28) pos:(0.33, 1.29, 1.78)
Cube:(0.52, 0.37, 0.28) pos:(0.34, 1.66, 0.66)
Cube:(0.52, 0.37, 0.28) pos:(0.35, 1.66, 0.94)
Cube:(0.57, 0.33, 0.29) pos:(0.36, 1.66, 1.22)
Cube:(0.57, 0.33, 0.29) pos:(0.37, 1.66, 1.51)
Cube:(0.57, 0.33, 0.29) pos:(0.38, 1.66, 1.8)
Cube:(0.57, 0.33, 0.29) pos:(0.39, 1.84, 1.43)
Cube:(0.57, 0.33, 0.29) pos:(0.41, 1.84, 1.72)
Cube:(0.99, 0.37, 0.3) pos:(0.76, 0.92, 1.78)
Cube:(0.99, 0.37, 0.3) pos:(0.77, 0.92, 1.8)
Cube:(0.99, 0.37, 0.3) pos:(0.78, 0.92, 1.82)
Cube:(0.99, 0.37, 0.3) pos:(0.79, 0.92, 1.84)
Cube:(0.99, 0.37, 0.3) pos:(0.8, 0.92, 1.86)
Cube:(0.99, 0.37, 0.3) pos:(0.81, 1.29, 1.78)
Cube:(0.99, 0.37, 0.3) pos:(0.82, 1.29, 1.8)
Cube:(0.99, 0.37, 0.3) pos:(0.83, 1.29, 1.82)
Cube:(0.99, 0.37, 0.3) pos:(0.84, 1.29, 1.84)
Cube:(0.99, 0.37, 0.3) pos:(0.85, 1.29, 1.86)
Cube:(0.99, 0.37, 0.3) pos:(0.86, 1.66, 1.81)
Cube:(0.99, 0.37, 0.3) pos:(0.87, 1.66, 1.83)
Cube:(0.92, 0.64, 0.33) pos:(0.93, 1.66, 1.84)
Cube:(0.92, 0.64, 0.33) pos:(0.95, 1.66, 1.59)
Cube:(0.92, 0.64, 0.33) pos:(1.13, 0.0, 0.33)
Cube:(0.92, 0.64, 0.33) pos:(1.13, 0.0, 0.66)
Cube:(0.92, 0.64, 0.33) pos:(1.13, 0.0, 0.99)
Cube:(0.92, 0.64, 0.33) pos:(1.13, 0.0, 1.32)
Cube:(0.92, 0.64, 0.33) pos:(1.13, 0.0, 1.65)
Cube:(0.92, 0.64, 0.33) pos:(1.17, 0.0, 1.65)
Cube:(0.92, 0.64, 0.33) pos:(1.23, 0.64, 1.83)
Cube:(1.19, 0.59, 0.39) pos:(1.23, 1.66, 1.59)
Cube:(1.19, 0.59, 0.39) pos:(1.3, 1.28, 1.65)
Cube:(1.19, 0.59, 0.39) pos:(1.75, 0.64, 1.53)
Cube:(1.19, 0.59, 0.39) pos:(1.76, 0.64, 1.62)
Cube:(1.19, 0.59, 0.39) pos:(1.77, 0.64, 1.71)
Cube:(1.19, 0.59, 0.39) pos:(1.78, 0.64, 1.8)
Cube:(1.19, 0.59, 0.39) pos:(1.85, 1.23, 1.41)
Cube:(1.19, 0.59, 0.39) pos:(1.85, 1.23, 1.8)
Cube:(1.19, 0.59, 0.39) pos:(1.87, 1.23, 1.56)
Cube:(1.19, 0.59, 0.39) pos:(2.05, 0.0, 0.33)
Cube:(1.19, 0.59, 0.39) pos:(2.05, 0.0, 0.72)
Cube:(1.19, 0.59, 0.39) pos:(2.05, 0.0, 1.11)
Cube:(0.54, 0.52, 0.49) pos:(2.05, 0.0, 1.5)
Cube:(0.54, 0.52, 0.49) pos:(2.09, 0.0, 1.66)
Cube:(0.54, 0.52, 0.49) pos:(2.15, 0.52, 1.56)
Cube:(0.54, 0.52, 0.49) pos:(2.15, 1.04, 1.56)
Cube:(0.54, 0.52, 0.49) pos:(2.42, 1.56, 1.56)
Cube:(0.54, 0.52, 0.49) pos:(2.49, 1.23, 1.66)
Cube:(0.54, 0.52, 0.49) pos:(2.49, 1.75, 1.66)
Cube:(0.54, 0.52, 0.49) pos:(2.59, 0.0, 1.66)
Cube:(0.75, 0.45, 0.35) pos:(1.87, 1.82, 0.98)
Cube:(0.75, 0.45, 0.35) pos:(1.89, 1.82, 1.33)
Cube:(0.75, 0.45, 0.35) pos:(1.92, 1.82, 1.68)
Cube:(0.75, 0.45, 0.35) pos:(2.62, 1.82, 1.68)
Cube:(0.75, 0.45, 0.35) pos:(2.63, 0.0, 1.66)
Cube:(0.75, 0.45, 0.35) pos:(2.64, 1.82, 1.68)
Cube:(0.79, 0.68, 0.44) pos:(2.69, 0.45, 1.66)
Cube:(0.79, 0.68, 0.44) pos:(2.94, 0.52, 1.61)
Cube:(0.79, 0.68, 0.44) pos:(2.95, 0.59, 1.66)
Cube:(0.79, 0.68, 0.44) pos:(2.96, 1.27, 1.66)
Cube:(0.79, 0.68, 0.44) pos:(3.03, 0.59, 1.61)
Cube:(0.79, 0.68, 0.44) pos:(3.03, 1.27, 1.61)
Cube:(0.79, 0.68, 0.44) pos:(3.04, 0.59, 1.76)
Cube:(0.79, 0.68, 0.44) pos:(3.04, 1.13, 1.76)
Cube:(0.79, 0.68, 0.44) pos:(3.04, 1.27, 1.71)
Cube:(0.79, 0.68, 0.44) pos:(3.37, 1.2, 1.76)
Cube:(0.79, 0.68, 0.44) pos:(3.48, 0.0, 1.76)
Cube:(0.79, 0.68, 0.44) pos:(3.73, 0.0, 1.76)
Cube:(1.16, 0.49, 0.47) pos:(3.13, 0.0, 1.61)
Cube:(1.16, 0.49, 0.47) pos:(3.24, 0.0, 1.35)
Cube:(1.16, 0.49, 0.47) pos:(3.74, 0.68, 1.32)
Cube:(1.16, 0.49, 0.47) pos:(3.75, 1.81, 1.32)
Cube:(1.16, 0.49, 0.47) pos:(3.82, 0.49, 1.32)
Cube:(1.16, 0.49, 0.47) pos:(3.82, 0.68, 1.38)
Cube:(1.16, 0.49, 0.47) pos:(3.82, 1.17, 1.32)
Cube:(1.16, 0.49, 0.47) pos:(3.82, 1.66, 1.35)
Cube:(1.16, 0.49, 0.47) pos:(3.83, 0.49, 1.41)
Cube:(0.83, 0.44, 0.23) pos:(3.24, 0.0, 1.82)
Cube:(0.83, 0.44, 0.23) pos:(3.37, 1.88, 1.67)
Cube:(0.83, 0.44, 0.23) pos:(3.37, 1.88, 1.9)
Cube:(0.83, 0.44, 0.23) pos:(3.39, 1.81, 1.84)
Cube:(0.83, 0.44, 0.23) pos:(3.48, 0.68, 1.88)
Cube:(0.83, 0.44, 0.23) pos:(3.75, 0.98, 1.82)
Cube:(0.83, 0.44, 0.23) pos:(3.83, 0.98, 1.4)
Cube:(0.83, 0.44, 0.23) pos:(3.83, 0.98, 1.63)
Cube:(0.83, 0.44, 0.23) pos:(3.83, 0.98, 1.86)
Cube:(0.83, 0.44, 0.23) pos:(3.83, 1.12, 1.86)
Cube:(0.83, 0.44, 0.23) pos:(3.83, 1.42, 1.61)
Cube:(0.98, 0.96, 0.56) pos:(4.16, 1.17, 1.63)
Cube:(0.98, 0.96, 0.56) pos:(4.66, 0.98, 1.5)
Cube:(0.78, 0.72, 0.57) pos:(4.66, 0.98, 1.59)
Cube:(0.78, 0.72, 0.57) pos:(4.9, 0.0, 1.41)
Cube:(0.78, 0.72, 0.57) pos:(4.98, 0.0, 1.04)
Cube:(0.78, 0.72, 0.57) pos:(4.98, 0.0, 1.61)
Cube:(0.41, 0.33, 0.31) pos:(3.67, 1.95, 1.63)
Cube:(0.41, 0.33, 0.31) pos:(3.75, 1.42, 1.79)
Cube:(0.41, 0.33, 0.31) pos:(3.83, 1.42, 1.68)
Cube:(0.41, 0.33, 0.31) pos:(4.07, 0.0, 1.82)
Cube:(0.41, 0.33, 0.31) pos:(4.07, 0.33, 1.82)
Cube:(0.41, 0.33, 0.31) pos:(4.16, 1.42, 1.8)
Cube:(0.41, 0.33, 0.31) pos:(4.2, 1.86, 1.73)
Cube:(0.41, 0.33, 0.31) pos:(4.22, 1.56, 1.88)
Cube:(0.41, 0.33, 0.31) pos:(4.22, 1.89, 1.81)
Cube:(0.41, 0.33, 0.31) pos:(4.24, 1.42, 1.88)
Cube:(0.41, 0.33, 0.31) pos:(4.27, 0.0, 1.69)
Cube:(0.41, 0.33, 0.31) pos:(4.27, 0.33, 1.69)
Cube:(0.41, 0.33, 0.31) pos:(4.29, 0.0, 1.53)