case 1
box_list: [[2, 5, 5, 0], [3, 3, 2, 1], [2, 4, 3, 2], [2, 3, 2, 3], [5, 2, 2, 4]]
num_list: [6, 14, 8, 18, 12]
ratio: 0.942
_________________________________
case 2
box_list: [[5, 3, 3, 0], [4, 5, 2, 1], [4, 3, 3, 2], [4, 3, 3, 3], [4, 3, 4, 4]]
num_list: [6, 9, 5, 8, 6]
ratio: 0.752
_________________________________
case 3
box_list: [[3, 4, 4, 0], [4, 3, 4, 1], [3, 3, 5, 2], [4, 4, 4, 3], [2, 2, 2, 4]]
num_list: [8, 4, 8, 3, 25]
ratio: 0.596
_________________________________
case 4
box_list: [[2, 5, 4, 0], [4, 2, 3, 1], [2, 3, 2, 2], [2, 4, 3, 3], [4, 3, 4, 4]]
num_list: [8, 9, 17, 12, 6]
ratio: 0.768
_________________________________
case 5
box_list: [[5, 3, 2, 0], [2, 3, 3, 1], [2, 4, 2, 2], [5, 3, 3, 3], [5, 3, 5, 4]]
num_list: [6, 11, 14, 8, 2]
ratio: 0.662
_________________________________
case 6
box_list: [[5, 3, 2, 0], [2, 3, 2, 1], [5, 2, 4, 2], [3, 5, 5, 3], [4, 4, 2, 4]]
num_list: [6, 17, 7, 2, 6]
ratio: 0.816
_________________________________
case 7
box_list: [[2, 4, 4, 0], [4, 3, 4, 1], [3, 5, 2, 2], [2, 3, 3, 3], [3, 2, 3, 4]]
num_list: [7, 5, 9, 11, 12]
ratio: 0.654
_________________________________
case 8
box_list: [[4, 2, 4, 0], [3, 5, 5, 1], [2, 2, 5, 2], [3, 2, 3, 3], [4, 5, 3, 4]]
num_list: [9, 5, 12, 11, 4]
ratio: 0.858
_________________________________
case 9
box_list: [[5, 4, 3, 0], [2, 3, 4, 1], [3, 3, 3, 2], [2, 5, 4, 3], [5, 5, 4, 4]]
num_list: [7, 9, 11, 5, 3]
ratio: 0.582
_________________________________
case 10
box_list: [[4, 5, 5, 0], [4, 3, 2, 1], [3, 2, 3, 2], [4, 4, 5, 3], [5, 5, 5, 4]]
num_list: [5, 9, 11, 5, 1]
ratio: 0.638
_________________________________
case 11
box_list: [[2, 4, 5, 0], [5, 3, 3, 1], [3, 4, 3, 2], [4, 5, 2, 3], [2, 3, 4, 4]]
num_list: [5, 4, 5, 5, 10]
ratio: 0.6
_________________________________
case 12
box_list: [[3, 5, 3, 0], [3, 2, 4, 1], [4, 3, 4, 2], [5, 4, 3, 3], [2, 4, 2, 4]]
num_list: [6, 12, 5, 6, 12]
ratio: 0.672
_________________________________
case 13
box_list: [[2, 4, 4, 0], [5, 5, 5, 1], [4, 4, 2, 2], [2, 4, 4, 3], [4, 3, 5, 4]]
num_list: [7, 3, 6, 6, 5]
ratio: 0.784
_________________________________
case 14
box_list: [[4, 4, 4, 0], [5, 2, 3, 1], [4, 3, 5, 2], [4, 2, 5, 3], [4, 2, 5, 4]]
num_list: [3, 6, 6, 5, 7]
ratio: 0.64
_________________________________
case 15
box_list: [[5, 4, 2, 0], [4, 3, 2, 1], [2, 5, 2, 2], [2, 2, 3, 3], [5, 2, 2, 4]]
num_list: [8, 9, 11, 19, 12]
ratio: 0.852
_________________________________
case 16
box_list: [[2, 3, 2, 0], [4, 2, 2, 1], [3, 3, 5, 2], [5, 2, 5, 3], [3, 3, 2, 4]]
num_list: [18, 14, 6, 8, 15]
ratio: 0.908
_________________________________
case 17
box_list: [[4, 5, 3, 0], [4, 5, 4, 1], [2, 5, 5, 2], [4, 3, 5, 3], [4, 3, 3, 4]]
num_list: [3, 3, 6, 6, 5]
ratio: 0.708
_________________________________
case 18
box_list: [[4, 2, 5, 0], [4, 3, 2, 1], [4, 2, 4, 2], [5, 5, 5, 3], [3, 3, 2, 4]]
num_list: [6, 8, 10, 4, 14]
ratio: 0.556
_________________________________
case 19
box_list: [[5, 3, 4, 0], [2, 4, 5, 1], [4, 2, 5, 2], [2, 2, 3, 3], [5, 5, 5, 4]]
num_list: [5, 7, 5, 18, 4]
ratio: 0.838
_________________________________
case 20
box_list: [[5, 2, 3, 0], [3, 2, 5, 1], [5, 3, 3, 2], [2, 5, 3, 3], [4, 5, 2, 4]]
num_list: [6, 10, 7, 10, 9]
ratio: 0.82
_________________________________
case 21
box_list: [[2, 3, 3, 0], [5, 4, 3, 1], [4, 3, 5, 2], [3, 4, 5, 3], [2, 4, 5, 4]]
num_list: [14, 5, 5, 6, 9]
ratio: 0.892
_________________________________
case 22
box_list: [[5, 3, 3, 0], [4, 2, 5, 1], [5, 3, 4, 2], [4, 3, 3, 3], [2, 2, 3, 4]]
num_list: [8, 5, 7, 8, 19]
ratio: 0.88
_________________________________
case 23
box_list: [[4, 2, 3, 0], [3, 3, 2, 1], [2, 2, 4, 2], [2, 3, 3, 3], [2, 4, 2, 4]]
num_list: [8, 15, 12, 11, 16]
ratio: 0.936
_________________________________
case 24
box_list: [[3, 5, 4, 0], [3, 3, 4, 1], [3, 3, 5, 2], [4, 5, 5, 3], [2, 3, 5, 4]]
num_list: [7, 7, 7, 5, 6]
ratio: 0.621
_________________________________
case 25
box_list: [[3, 3, 4, 0], [2, 2, 4, 1], [4, 2, 2, 2], [3, 2, 3, 3], [4, 4, 5, 4]]
num_list: [5, 15, 12, 14, 2]
ratio: 0.742
_________________________________
case 26
box_list: [[5, 4, 5, 0], [2, 2, 3, 1], [4, 4, 4, 2], [2, 4, 3, 3], [3, 5, 3, 4]]
num_list: [5, 16, 4, 10, 4]
ratio: 0.776
_________________________________
case 27
box_list: [[5, 5, 2, 0], [4, 3, 4, 1], [2, 4, 2, 2], [5, 5, 4, 3], [3, 2, 5, 4]]
num_list: [8, 8, 14, 4, 6]
ratio: 0.728
_________________________________
case 28
box_list: [[2, 5, 3, 0], [4, 2, 4, 1], [5, 5, 5, 2], [2, 4, 5, 3], [3, 4, 2, 4]]
num_list: [6, 7, 2, 8, 9]
ratio: 0.66
_________________________________
case 29
box_list: [[5, 5, 3, 0], [5, 2, 5, 1], [3, 5, 3, 2], [2, 5, 5, 3], [2, 5, 4, 4]]
num_list: [3, 5, 6, 4, 6]
ratio: 0.82
_________________________________
case 30
box_list: [[5, 4, 3, 0], [5, 2, 5, 1], [2, 4, 2, 2], [5, 2, 5, 3], [5, 2, 3, 4]]
num_list: [3, 6, 13, 4, 9]
ratio: 0.93
_________________________________
case 31
box_list: [[4, 4, 3, 0], [3, 2, 3, 1], [3, 4, 3, 2], [5, 2, 3, 3], [4, 4, 3, 4]]
num_list: [4, 12, 9, 6, 8]
ratio: 0.852
_________________________________
case 32
box_list: [[2, 2, 5, 0], [5, 5, 3, 1], [4, 5, 4, 2], [3, 5, 4, 3], [5, 3, 2, 4]]
num_list: [14, 2, 6, 6, 8]
ratio: 0.62
_________________________________
case 33
box_list: [[3, 3, 2, 0], [4, 3, 5, 1], [3, 4, 2, 2], [2, 4, 3, 3], [2, 3, 4, 4]]
num_list: [12, 5, 12, 8, 10]
ratio: 0.936
_________________________________
case 34
box_list: [[4, 4, 3, 0], [4, 5, 3, 1], [3, 2, 3, 2], [3, 4, 2, 3], [3, 4, 4, 4]]
num_list: [8, 7, 13, 12, 8]
ratio: 0.93
_________________________________
case 35
box_list: [[2, 2, 4, 0], [3, 4, 2, 1], [2, 5, 5, 2], [4, 5, 5, 3], [4, 4, 2, 4]]
num_list: [16, 11, 6, 2, 9]
ratio: 0.684
_________________________________
case 36
box_list: [[5, 3, 2, 0], [3, 2, 2, 1], [5, 2, 3, 2], [2, 4, 2, 3], [4, 2, 5, 4]]
num_list: [8, 20, 9, 14, 9]
ratio: 0.784
_________________________________
case 37
box_list: [[5, 5, 5, 0], [3, 2, 4, 1], [3, 3, 3, 2], [4, 4, 2, 3], [5, 2, 5, 4]]
num_list: [4, 11, 10, 6, 6]
ratio: 0.872
_________________________________
case 38
box_list: [[4, 3, 3, 0], [3, 2, 3, 1], [5, 5, 3, 2], [5, 2, 3, 3], [4, 3, 5, 4]]
num_list: [7, 12, 2, 10, 6]
ratio: 0.726
_________________________________
case 39
box_list: [[3, 3, 5, 0], [5, 3, 3, 1], [3, 4, 3, 2], [2, 5, 5, 3], [5, 2, 3, 4]]
num_list: [8, 7, 8, 6, 7]
ratio: 0.92
_________________________________
case 40
box_list: [[2, 2, 4, 0], [5, 3, 4, 1], [5, 2, 5, 2], [3, 2, 2, 3], [3, 2, 2, 4]]
num_list: [12, 6, 7, 17, 19]
ratio: 0.74
_________________________________
case 41
box_list: [[4, 4, 4, 0], [5, 2, 2, 1], [4, 2, 2, 2], [5, 5, 3, 3], [5, 4, 2, 4]]
num_list: [7, 14, 15, 5, 8]
ratio: 0.84
_________________________________
case 42
box_list: [[3, 5, 3, 0], [3, 2, 2, 1], [3, 4, 4, 2], [4, 2, 2, 3], [2, 3, 2, 4]]
num_list: [6, 18, 5, 13, 20]
ratio: 0.816
_________________________________
case 43
box_list: [[3, 2, 3, 0], [4, 4, 4, 1], [3, 5, 4, 2], [2, 5, 5, 3], [5, 3, 4, 4]]
num_list: [11, 7, 4, 5, 5]
ratio: 0.67
_________________________________
case 44
box_list: [[4, 4, 5, 0], [4, 3, 4, 1], [2, 5, 5, 2], [5, 3, 5, 3], [5, 2, 5, 4]]
num_list: [4, 7, 5, 5, 5]
ratio: 0.75
_________________________________
case 45
box_list: [[2, 3, 4, 0], [2, 4, 2, 1], [5, 5, 2, 2], [4, 2, 3, 3], [2, 3, 2, 4]]
num_list: [10, 13, 5, 8, 18]
ratio: 0.756
_________________________________
case 46
box_list: [[3, 3, 3, 0], [3, 2, 5, 1], [3, 3, 5, 2], [3, 2, 5, 3], [4, 3, 2, 4]]
num_list: [10, 10, 8, 7, 11]
ratio: 0.87
_________________________________
case 47
box_list: [[3, 3, 3, 0], [5, 5, 4, 1], [3, 2, 3, 2], [2, 4, 4, 3], [2, 5, 2, 4]]
num_list: [10, 4, 15, 10, 12]
ratio: 0.905
_________________________________
case 48
box_list: [[5, 2, 3, 0], [2, 4, 4, 1], [5, 5, 4, 2], [3, 2, 3, 3], [3, 3, 3, 4]]
num_list: [10, 8, 4, 14, 7]
ratio: 0.81
_________________________________
case 49
box_list: [[5, 2, 2, 0], [2, 2, 5, 1], [3, 5, 4, 2], [5, 2, 5, 3], [5, 3, 2, 4]]
num_list: [14, 10, 3, 4, 7]
ratio: 0.72
_________________________________
case 50
box_list: [[5, 4, 5, 0], [2, 2, 4, 1], [4, 3, 2, 2], [5, 3, 4, 3], [4, 2, 5, 4]]
num_list: [2, 15, 12, 4, 5]
ratio: 0.688
_________________________________
case 51
box_list: [[4, 3, 2, 0], [4, 3, 4, 1], [2, 3, 4, 2], [5, 4, 4, 3], [3, 3, 5, 4]]
num_list: [9, 4, 9, 5, 7]
ratio: 0.822
_________________________________
case 52
box_list: [[4, 2, 4, 0], [4, 5, 5, 1], [2, 2, 2, 2], [2, 4, 5, 3], [4, 4, 3, 4]]
num_list: [6, 3, 29, 9, 5]
ratio: 0.952
_________________________________
case 53
box_list: [[4, 5, 2, 0], [3, 2, 2, 1], [2, 5, 4, 2], [4, 5, 5, 3], [4, 2, 2, 4]]
num_list: [5, 17, 7, 3, 14]
ratio: 0.48
_________________________________
case 54
box_list: [[4, 2, 3, 0], [3, 2, 4, 1], [2, 2, 4, 2], [5, 5, 3, 3], [4, 2, 3, 4]]
num_list: [12, 9, 13, 2, 8]
ratio: 0.624
_________________________________
case 55
box_list: [[4, 5, 2, 0], [2, 2, 2, 1], [3, 2, 2, 2], [5, 2, 3, 3], [5, 3, 5, 4]]
num_list: [7, 29, 16, 8, 3]
ratio: 0.664
_________________________________
case 56
box_list: [[5, 4, 5, 0], [4, 5, 2, 1], [4, 5, 2, 2], [2, 4, 3, 3], [5, 2, 2, 4]]
num_list: [4, 9, 6, 10, 13]
ratio: 0.9
_________________________________
case 57
box_list: [[5, 2, 4, 0], [5, 3, 2, 1], [3, 3, 4, 2], [3, 4, 4, 3], [3, 2, 5, 4]]
num_list: [8, 9, 6, 8, 7]
ratio: 0.806
_________________________________
case 58
box_list: [[2, 2, 5, 0], [2, 2, 2, 1], [4, 2, 2, 2], [5, 2, 3, 3], [3, 4, 2, 4]]
num_list: [14, 29, 14, 8, 11]
ratio: 0.976
_________________________________
case 59
box_list: [[5, 3, 2, 0], [3, 2, 3, 1], [4, 5, 4, 2], [2, 4, 3, 3], [3, 3, 3, 4]]
num_list: [9, 11, 4, 8, 10]
ratio: 0.721
_________________________________
case 60
box_list: [[3, 3, 2, 0], [5, 3, 4, 1], [4, 5, 3, 2], [3, 2, 4, 3], [3, 4, 5, 4]]
num_list: [11, 5, 7, 11, 7]
ratio: 0.732
_________________________________
case 61
box_list: [[4, 3, 5, 0], [3, 2, 2, 1], [4, 2, 4, 2], [3, 2, 2, 3], [2, 4, 2, 4]]
num_list: [7, 19, 6, 18, 12]
ratio: 0.828
_________________________________
case 62
box_list: [[3, 3, 5, 0], [3, 5, 5, 1], [2, 2, 3, 2], [3, 2, 3, 3], [5, 3, 5, 4]]
num_list: [5, 4, 18, 14, 4]
ratio: 0.876
_________________________________
case 63
box_list: [[3, 2, 4, 0], [3, 2, 2, 1], [2, 4, 2, 2], [4, 4, 4, 3], [5, 2, 5, 4]]
num_list: [9, 20, 12, 4, 5]
ratio: 0.944
_________________________________
case 64
box_list: [[2, 2, 5, 0], [4, 5, 5, 1], [4, 3, 5, 2], [5, 4, 2, 3], [5, 4, 4, 4]]
num_list: [11, 5, 7, 6, 4]
ratio: 0.88
_________________________________
case 65
box_list: [[3, 5, 4, 0], [3, 4, 3, 1], [4, 3, 4, 2], [3, 2, 3, 3], [5, 3, 2, 4]]
num_list: [3, 9, 4, 15, 7]
ratio: 0.726
_________________________________
case 66
box_list: [[3, 3, 5, 0], [3, 2, 2, 1], [3, 4, 2, 2], [2, 4, 4, 3], [2, 3, 4, 4]]
num_list: [4, 18, 12, 6, 12]
ratio: 0.724
_________________________________
case 67
box_list: [[2, 5, 3, 0], [3, 2, 5, 1], [2, 4, 4, 2], [4, 2, 4, 3], [2, 2, 4, 4]]
num_list: [10, 9, 8, 8, 13]
ratio: 0.904
_________________________________
case 68
box_list: [[2, 3, 3, 0], [5, 5, 2, 1], [5, 4, 3, 2], [5, 3, 5, 3], [2, 2, 5, 4]]
num_list: [12, 4, 4, 5, 11]
ratio: 0.7
_________________________________
case 69
box_list: [[3, 2, 3, 0], [2, 3, 5, 1], [4, 4, 5, 2], [5, 3, 5, 3], [5, 4, 5, 4]]
num_list: [14, 9, 6, 6, 2]
ratio: 0.702
_________________________________
case 70
box_list: [[2, 5, 3, 0], [2, 3, 2, 1], [2, 3, 5, 2], [4, 3, 5, 3], [4, 2, 5, 4]]
num_list: [7, 19, 10, 5, 5]
ratio: 0.928
_________________________________
case 71
box_list: [[4, 2, 3, 0], [4, 5, 4, 1], [2, 3, 4, 2], [2, 5, 4, 3], [4, 4, 5, 4]]
num_list: [12, 2, 11, 9, 4]
ratio: 0.88
_________________________________
case 72
box_list: [[2, 4, 2, 0], [2, 4, 3, 1], [2, 2, 5, 2], [5, 4, 2, 3], [4, 4, 2, 4]]
num_list: [15, 12, 11, 6, 6]
ratio: 0.88
_________________________________
case 73
box_list: [[5, 2, 4, 0], [4, 2, 4, 1], [2, 3, 5, 2], [5, 2, 2, 3], [4, 2, 4, 4]]
num_list: [9, 6, 9, 13, 9]
ratio: 0.75
_________________________________
case 74
box_list: [[4, 5, 2, 0], [4, 5, 5, 1], [3, 5, 3, 2], [2, 4, 3, 3], [2, 3, 4, 4]]
num_list: [8, 4, 7, 11, 11]
ratio: 0.848
_________________________________
case 75
box_list: [[5, 5, 3, 0], [3, 5, 3, 1], [3, 3, 5, 2], [4, 2, 2, 3], [4, 3, 2, 4]]
num_list: [3, 5, 4, 15, 10]
ratio: 0.885
_________________________________
case 76
box_list: [[3, 2, 4, 0], [5, 5, 5, 1], [3, 3, 5, 2], [2, 3, 2, 3], [5, 5, 5, 4]]
num_list: [11, 2, 8, 16, 1]
ratio: 0.694
_________________________________
case 77
box_list: [[3, 5, 4, 0], [2, 5, 2, 1], [3, 3, 4, 2], [3, 3, 3, 3], [2, 3, 2, 4]]
num_list: [6, 14, 5, 9, 17]
ratio: 0.844
_________________________________
case 78
box_list: [[4, 5, 5, 0], [4, 3, 4, 1], [2, 4, 5, 2], [4, 3, 5, 3], [5, 2, 2, 4]]
num_list: [4, 6, 8, 6, 11]
ratio: 0.96
_________________________________
case 79
box_list: [[3, 3, 4, 0], [5, 4, 3, 1], [2, 5, 3, 2], [2, 2, 4, 3], [5, 3, 5, 4]]
num_list: [7, 4, 8, 13, 5]
ratio: 0.916
_________________________________
case 80
box_list: [[4, 2, 5, 0], [2, 2, 2, 1], [5, 2, 4, 2], [4, 2, 4, 3], [3, 3, 3, 4]]
num_list: [9, 29, 7, 7, 7]
ratio: 0.802
_________________________________
case 81
box_list: [[4, 5, 2, 0], [3, 4, 2, 1], [2, 3, 2, 2], [2, 3, 3, 3], [5, 2, 3, 4]]
num_list: [5, 8, 17, 13, 6]
ratio: 0.63
_________________________________
case 82
box_list: [[2, 5, 3, 0], [5, 3, 2, 1], [2, 5, 5, 2], [4, 2, 4, 3], [3, 5, 2, 4]]
num_list: [8, 7, 4, 10, 7]
ratio: 0.872
_________________________________
case 83
box_list: [[4, 2, 3, 0], [2, 3, 4, 1], [2, 2, 2, 2], [4, 4, 3, 3], [5, 4, 2, 4]]
num_list: [8, 8, 26, 8, 7]
ratio: 0.944
_________________________________
case 84
box_list: [[4, 2, 3, 0], [3, 2, 5, 1], [3, 2, 4, 2], [4, 5, 2, 3], [5, 5, 2, 4]]
num_list: [12, 7, 12, 8, 6]
ratio: 0.868
_________________________________
case 85
box_list: [[2, 4, 2, 0], [5, 5, 5, 1], [4, 3, 2, 2], [4, 5, 4, 3], [5, 5, 4, 4]]
num_list: [14, 1, 11, 3, 2]
ratio: 0.857
_________________________________
case 86
box_list: [[4, 2, 2, 0], [5, 3, 5, 1], [3, 2, 4, 2], [2, 5, 5, 3], [4, 4, 2, 4]]
num_list: [13, 6, 8, 7, 8]
ratio: 0.55
_________________________________
case 87
box_list: [[4, 5, 4, 0], [4, 4, 3, 1], [3, 4, 4, 2], [3, 3, 4, 3], [5, 4, 3, 4]]
num_list: [2, 4, 6, 5, 5]
ratio: 0.576
_________________________________
case 88
box_list: [[2, 5, 4, 0], [5, 4, 3, 1], [2, 4, 2, 2], [2, 2, 4, 3], [4, 4, 2, 4]]
num_list: [6, 4, 15, 12, 7]
ratio: 0.592
_________________________________
case 89
box_list: [[2, 4, 4, 0], [3, 4, 4, 1], [2, 4, 3, 2], [4, 5, 5, 3], [3, 5, 5, 4]]
num_list: [8, 7, 12, 4, 5]
ratio: 0.816
_________________________________
case 90
box_list: [[2, 2, 5, 0], [4, 4, 3, 1], [2, 5, 2, 2], [5, 5, 4, 3], [2, 2, 5, 4]]
num_list: [12, 6, 13, 2, 12]
ratio: 0.564
_________________________________
case 91
box_list: [[3, 2, 3, 0], [3, 5, 2, 1], [5, 4, 2, 2], [5, 2, 4, 3], [3, 4, 5, 4]]
num_list: [11, 7, 8, 5, 5]
ratio: 0.718
_________________________________
case 92
box_list: [[3, 4, 4, 0], [2, 5, 3, 1], [5, 4, 4, 2], [5, 4, 2, 3], [4, 3, 2, 4]]
num_list: [4, 8, 4, 5, 9]
ratio: 0.562
_________________________________
case 93
box_list: [[5, 3, 4, 0], [4, 5, 4, 1], [4, 5, 2, 2], [5, 3, 3, 3], [3, 2, 5, 4]]
num_list: [5, 3, 6, 8, 6]
ratio: 0.75
_________________________________
case 94
box_list: [[3, 4, 5, 0], [2, 2, 4, 1], [5, 5, 2, 2], [5, 2, 2, 3], [3, 3, 5, 4]]
num_list: [4, 12, 5, 12, 8]
ratio: 0.568
_________________________________
case 95
box_list: [[3, 4, 2, 0], [5, 5, 5, 1], [4, 2, 4, 2], [2, 5, 5, 3], [3, 3, 5, 4]]
num_list: [12, 1, 6, 7, 8]
ratio: 0.9
_________________________________
case 96
box_list: [[4, 4, 5, 0], [2, 2, 2, 1], [5, 4, 4, 2], [5, 5, 2, 3], [3, 4, 3, 4]]
num_list: [2, 27, 4, 7, 5]
ratio: 0.876
_________________________________
case 97
box_list: [[3, 2, 2, 0], [5, 3, 4, 1], [4, 4, 5, 2], [3, 3, 3, 3], [4, 3, 3, 4]]
num_list: [16, 5, 6, 11, 7]
ratio: 0.782
_________________________________
case 98
box_list: [[3, 5, 3, 0], [2, 4, 3, 1], [2, 3, 4, 2], [3, 5, 4, 3], [2, 5, 2, 4]]
num_list: [5, 12, 12, 7, 12]
ratio: 0.912
_________________________________
case 99
box_list: [[4, 3, 4, 0], [4, 2, 3, 1], [3, 5, 2, 2], [3, 2, 2, 3], [4, 4, 2, 4]]
num_list: [4, 11, 9, 17, 7]
ratio: 0.866
_________________________________
case 100
box_list: [[3, 4, 2, 0], [2, 4, 2, 1], [4, 3, 4, 2], [3, 3, 4, 3], [2, 4, 5, 4]]
num_list: [11, 15, 7, 5, 7]
ratio: 0.832
_________________________________
time(s): 2267.2900056999997
0.7790299999999999
