case 1
box_list: [[5, 2, 3, 0], [4, 2, 3, 1], [4, 5, 3, 2]]
num_list: [12, 16, 5]
ratio: 0.744
_________________________________
case 2
box_list: [[2, 2, 2, 0], [4, 3, 2, 1], [2, 2, 5, 2]]
num_list: [44, 15, 18]
ratio: 0.856
_________________________________
case 3
box_list: [[4, 4, 5, 0], [5, 2, 2, 1], [4, 2, 2, 2]]
num_list: [6, 19, 23]
ratio: 0.748
_________________________________
case 4
box_list: [[5, 3, 5, 0], [2, 5, 4, 1], [5, 2, 3, 2]]
num_list: [8, 10, 11]
ratio: 0.93
_________________________________
case 5
box_list: [[4, 4, 5, 0], [5, 5, 5, 1], [2, 5, 3, 2]]
num_list: [4, 3, 15]
ratio: 0.62
_________________________________
case 6
box_list: [[4, 5, 4, 0], [5, 2, 5, 1], [4, 4, 3, 2]]
num_list: [6, 9, 6]
ratio: 0.77
_________________________________
case 7
box_list: [[5, 5, 4, 0], [4, 4, 2, 1], [4, 5, 3, 2]]
num_list: [3, 11, 7]
ratio: 0.712
_________________________________
case 8
box_list: [[4, 2, 3, 0], [4, 3, 3, 1], [3, 2, 3, 2]]
num_list: [16, 12, 18]
ratio: 0.684
_________________________________
case 9
box_list: [[2, 3, 5, 0], [4, 4, 4, 1], [3, 3, 2, 2]]
num_list: [11, 7, 18]
ratio: 0.734
_________________________________
case 10
box_list: [[3, 5, 3, 0], [2, 3, 4, 1], [5, 4, 5, 2]]
num_list: [7, 16, 5]
ratio: 0.51
_________________________________
case 11
box_list: [[4, 5, 4, 0], [2, 3, 3, 1], [3, 2, 2, 2]]
num_list: [5, 19, 27]
ratio: 0.654
_________________________________
case 12
box_list: [[2, 4, 4, 0], [3, 5, 4, 1], [2, 5, 2, 2]]
num_list: [12, 8, 17]
ratio: 0.82
_________________________________
case 13
box_list: [[4, 4, 2, 0], [3, 5, 3, 1], [2, 3, 3, 2]]
num_list: [10, 8, 18]
ratio: 0.484
_________________________________
case 14
box_list: [[5, 5, 4, 0], [2, 4, 5, 1], [5, 4, 2, 2]]
num_list: [3, 12, 10]
ratio: 0.8
_________________________________
case 15
box_list: [[5, 2, 3, 0], [2, 2, 4, 1], [2, 2, 4, 2]]
num_list: [11, 22, 20]
ratio: 0.672
_________________________________
case 16
box_list: [[3, 4, 3, 0], [4, 2, 5, 1], [3, 3, 2, 2]]
num_list: [13, 10, 20]
ratio: 0.78
_________________________________
case 17
box_list: [[3, 5, 3, 0], [4, 3, 5, 1], [3, 3, 2, 2]]
num_list: [7, 9, 21]
ratio: 0.807
_________________________________
case 18
box_list: [[4, 3, 2, 0], [4, 5, 2, 1], [2, 4, 2, 2]]
num_list: [17, 9, 20]
ratio: 0.88
_________________________________
case 19
box_list: [[5, 4, 5, 0], [3, 3, 2, 1], [2, 5, 5, 2]]
num_list: [5, 18, 8]
ratio: 0.498
_________________________________
case 20
box_list: [[2, 5, 3, 0], [5, 3, 3, 1], [4, 4, 2, 2]]
num_list: [13, 9, 12]
ratio: 0.645
_________________________________
case 21
box_list: [[5, 5, 2, 0], [4, 3, 2, 1], [2, 2, 5, 2]]
num_list: [6, 17, 20]
ratio: 0.808
_________________________________
case 22
box_list: [[4, 4, 2, 0], [4, 2, 5, 1], [5, 3, 2, 2]]
num_list: [13, 12, 11]
ratio: 0.8
_________________________________
case 23
box_list: [[2, 5, 3, 0], [4, 3, 3, 1], [3, 4, 2, 2]]
num_list: [11, 10, 13]
ratio: 0.762
_________________________________
case 24
box_list: [[4, 5, 4, 0], [4, 4, 5, 1], [3, 4, 5, 2]]
num_list: [6, 4, 8]
ratio: 0.8
_________________________________
case 25
box_list: [[5, 4, 5, 0], [5, 4, 4, 1], [2, 3, 5, 2]]
num_list: [4, 8, 13]
ratio: 0.79
_________________________________
case 26
box_list: [[3, 2, 4, 0], [5, 3, 3, 1], [5, 5, 2, 2]]
num_list: [15, 7, 7]
ratio: 0.488
_________________________________
case 27
box_list: [[2, 4, 3, 0], [5, 4, 3, 1], [2, 2, 4, 2]]
num_list: [16, 9, 21]
ratio: 0.624
_________________________________
case 28
box_list: [[3, 5, 2, 0], [5, 4, 4, 1], [4, 4, 3, 2]]
num_list: [11, 4, 7]
ratio: 0.47
_________________________________
case 29
box_list: [[4, 5, 2, 0], [5, 2, 4, 1], [3, 3, 4, 2]]
num_list: [9, 12, 10]
ratio: 0.536
_________________________________
case 30
box_list: [[4, 5, 2, 0], [2, 5, 4, 1], [4, 5, 5, 2]]
num_list: [10, 9, 5]
ratio: 0.96
_________________________________
case 31
box_list: [[4, 3, 3, 0], [3, 2, 2, 1], [5, 5, 5, 2]]
num_list: [11, 27, 4]
ratio: 0.824
_________________________________
case 32
box_list: [[3, 2, 5, 0], [5, 3, 3, 1], [4, 4, 3, 2]]
num_list: [14, 11, 8]
ratio: 0.564
_________________________________
case 33
box_list: [[2, 2, 4, 0], [2, 5, 4, 1], [2, 5, 4, 2]]
num_list: [20, 8, 12]
ratio: 0.8
_________________________________
case 34
box_list: [[3, 4, 3, 0], [3, 2, 4, 1], [4, 3, 3, 2]]
num_list: [12, 13, 10]
ratio: 0.672
_________________________________
case 35
box_list: [[3, 4, 4, 0], [5, 2, 3, 1], [3, 4, 4, 2]]
num_list: [8, 15, 7]
ratio: 0.594
_________________________________
case 36
box_list: [[5, 3, 4, 0], [3, 4, 5, 1], [4, 2, 5, 2]]
num_list: [6, 9, 12]
ratio: 0.96
_________________________________
case 37
box_list: [[2, 5, 5, 0], [2, 5, 3, 1], [2, 3, 2, 2]]
num_list: [6, 11, 27]
ratio: 0.804
_________________________________
case 38
box_list: [[2, 4, 4, 0], [4, 4, 5, 1], [4, 5, 2, 2]]
num_list: [13, 8, 12]
ratio: 0.864
_________________________________
case 39
box_list: [[5, 4, 5, 0], [2, 5, 2, 1], [2, 5, 4, 2]]
num_list: [4, 19, 10]
ratio: 0.78
_________________________________
case 40
box_list: [[4, 5, 3, 0], [5, 4, 2, 1], [4, 2, 2, 2]]
num_list: [9, 11, 23]
ratio: 0.768
_________________________________
case 41
box_list: [[3, 5, 3, 0], [5, 5, 5, 1], [5, 4, 2, 2]]
num_list: [11, 5, 9]
ratio: 0.85
_________________________________
case 42
box_list: [[3, 3, 2, 0], [2, 3, 5, 1], [3, 2, 4, 2]]
num_list: [18, 13, 15]
ratio: 0.864
_________________________________
case 43
box_list: [[3, 3, 3, 0], [5, 5, 5, 1], [5, 5, 3, 2]]
num_list: [16, 6, 6]
ratio: 0.8
_________________________________
case 44
box_list: [[3, 3, 4, 0], [4, 3, 5, 1], [5, 4, 2, 2]]
num_list: [13, 8, 11]
ratio: 0.708
_________________________________
case 45
box_list: [[4, 3, 4, 0], [4, 3, 3, 1], [3, 2, 4, 2]]
num_list: [7, 10, 15]
ratio: 0.528
_________________________________
case 46
box_list: [[4, 5, 2, 0], [2, 3, 3, 1], [2, 3, 5, 2]]
num_list: [11, 18, 12]
ratio: 0.844
_________________________________
case 47
box_list: [[3, 5, 3, 0], [4, 5, 2, 1], [4, 4, 5, 2]]
num_list: [9, 10, 7]
ratio: 0.805
_________________________________
case 48
box_list: [[2, 3, 5, 0], [3, 4, 2, 1], [5, 3, 4, 2]]
num_list: [15, 16, 6]
ratio: 0.81
_________________________________
case 49
box_list: [[5, 3, 4, 0], [3, 5, 4, 1], [5, 3, 3, 2]]
num_list: [7, 9, 9]
ratio: 0.63
_________________________________
case 50
box_list: [[3, 5, 2, 0], [5, 2, 3, 1], [5, 4, 2, 2]]
num_list: [12, 14, 9]
ratio: 0.72
_________________________________
case 51
box_list: [[5, 3, 5, 0], [3, 5, 2, 1], [2, 3, 4, 2]]
num_list: [7, 14, 13]
ratio: 0.678
_________________________________
case 52
box_list: [[2, 2, 2, 0], [3, 4, 4, 1], [3, 5, 2, 2]]
num_list: [44, 10, 14]
ratio: 0.736
_________________________________
case 53
box_list: [[4, 3, 5, 0], [2, 4, 4, 1], [4, 3, 5, 2]]
num_list: [7, 13, 9]
ratio: 0.848
_________________________________
case 54
box_list: [[2, 5, 4, 0], [3, 4, 4, 1], [5, 2, 3, 2]]
num_list: [10, 10, 14]
ratio: 0.62
_________________________________
case 55
box_list: [[4, 4, 5, 0], [5, 3, 2, 1], [5, 5, 5, 2]]
num_list: [6, 13, 5]
ratio: 0.68
_________________________________
case 56
box_list: [[3, 4, 2, 0], [3, 5, 4, 1], [4, 4, 4, 2]]
num_list: [16, 6, 9]
ratio: 0.824
_________________________________
case 57
box_list: [[4, 3, 5, 0], [5, 2, 3, 1], [2, 2, 4, 2]]
num_list: [8, 15, 22]
ratio: 0.976
_________________________________
case 58
box_list: [[2, 5, 3, 0], [4, 5, 4, 1], [2, 4, 5, 2]]
num_list: [15, 4, 8]
ratio: 0.9
_________________________________
case 59
box_list: [[3, 4, 2, 0], [3, 2, 3, 1], [5, 4, 4, 2]]
num_list: [14, 20, 7]
ratio: 0.76
_________________________________
case 60
box_list: [[3, 5, 5, 0], [5, 2, 3, 1], [5, 3, 5, 2]]
num_list: [5, 11, 4]
ratio: 0.63
_________________________________
case 61
box_list: [[2, 2, 5, 0], [4, 3, 2, 1], [2, 3, 3, 2]]
num_list: [20, 16, 20]
ratio: 0.802
_________________________________
case 62
box_list: [[3, 4, 5, 0], [3, 4, 3, 1], [5, 5, 2, 2]]
num_list: [7, 10, 6]
ratio: 0.626
_________________________________
case 63
box_list: [[5, 5, 5, 0], [5, 3, 3, 1], [4, 2, 3, 2]]
num_list: [2, 9, 16]
ratio: 0.808
_________________________________
case 64
box_list: [[5, 2, 3, 0], [5, 5, 4, 1], [2, 5, 5, 2]]
num_list: [11, 4, 9]
ratio: 0.9
_________________________________
case 65
box_list: [[4, 3, 2, 0], [2, 5, 3, 1], [4, 4, 4, 2]]
num_list: [16, 15, 6]
ratio: 0.576
_________________________________
case 66
box_list: [[2, 2, 5, 0], [3, 5, 5, 1], [3, 4, 4, 2]]
num_list: [18, 8, 10]
ratio: 0.546
_________________________________
case 67
box_list: [[4, 4, 5, 0], [3, 3, 5, 1], [5, 3, 3, 2]]
num_list: [7, 7, 7]
ratio: 0.745
_________________________________
case 68
box_list: [[4, 4, 5, 0], [5, 4, 4, 1], [3, 3, 2, 2]]
num_list: [4, 6, 18]
ratio: 0.484
_________________________________
case 69
box_list: [[5, 4, 5, 0], [3, 4, 3, 1], [5, 2, 4, 2]]
num_list: [4, 9, 9]
ratio: 0.936
_________________________________
case 70
box_list: [[4, 5, 2, 0], [4, 4, 4, 1], [4, 4, 3, 2]]
num_list: [10, 5, 9]
ratio: 0.72
_________________________________
case 71
box_list: [[5, 4, 2, 0], [5, 5, 2, 1], [3, 5, 2, 2]]
num_list: [11, 9, 13]
ratio: 0.89
_________________________________
case 72
box_list: [[3, 3, 2, 0], [4, 3, 5, 1], [4, 3, 4, 2]]
num_list: [20, 7, 9]
ratio: 0.6
_________________________________
case 73
box_list: [[3, 3, 3, 0], [2, 3, 4, 1], [4, 3, 2, 2]]
num_list: [16, 16, 17]
ratio: 0.9
_________________________________
case 74
box_list: [[2, 4, 3, 0], [4, 5, 4, 1], [5, 2, 5, 2]]
num_list: [16, 8, 6]
ratio: 0.66
_________________________________
case 75
box_list: [[2, 2, 3, 0], [2, 3, 3, 1], [2, 5, 5, 2]]
num_list: [29, 19, 10]
ratio: 0.79
_________________________________
case 76
box_list: [[3, 2, 3, 0], [4, 5, 5, 1], [5, 4, 4, 2]]
num_list: [18, 4, 8]
ratio: 0.524
_________________________________
case 77
box_list: [[5, 4, 4, 0], [4, 4, 3, 1], [2, 5, 3, 2]]
num_list: [4, 6, 14]
ratio: 0.708
_________________________________
case 78
box_list: [[5, 3, 3, 0], [2, 5, 5, 1], [5, 4, 5, 2]]
num_list: [11, 7, 5]
ratio: 0.895
_________________________________
case 79
box_list: [[5, 2, 5, 0], [2, 2, 5, 1], [2, 5, 2, 2]]
num_list: [7, 17, 17]
ratio: 0.74
_________________________________
case 80
box_list: [[5, 2, 4, 0], [2, 4, 2, 1], [2, 5, 4, 2]]
num_list: [9, 24, 12]
ratio: 0.624
_________________________________
case 81
box_list: [[5, 5, 2, 0], [4, 4, 2, 1], [3, 3, 2, 2]]
num_list: [7, 14, 18]
ratio: 0.644
_________________________________
case 82
box_list: [[2, 4, 2, 0], [5, 5, 2, 1], [4, 4, 3, 2]]
num_list: [21, 10, 9]
ratio: 0.836
_________________________________
case 83
box_list: [[5, 4, 5, 0], [2, 4, 4, 1], [4, 3, 4, 2]]
num_list: [4, 13, 9]
ratio: 0.72
_________________________________
case 84
box_list: [[3, 3, 3, 0], [2, 5, 5, 1], [5, 2, 2, 2]]
num_list: [13, 10, 16]
ratio: 0.943
_________________________________
case 85
box_list: [[5, 5, 3, 0], [3, 4, 5, 1], [3, 5, 4, 2]]
num_list: [5, 7, 8]
ratio: 0.84
_________________________________
case 86
box_list: [[4, 3, 3, 0], [3, 2, 5, 1], [4, 4, 3, 2]]
num_list: [9, 13, 7]
ratio: 0.504
_________________________________
case 87
box_list: [[2, 3, 4, 0], [3, 2, 2, 1], [2, 4, 4, 2]]
num_list: [13, 31, 10]
ratio: 0.884
_________________________________
case 88
box_list: [[3, 4, 2, 0], [3, 5, 4, 1], [2, 2, 5, 2]]
num_list: [17, 9, 18]
ratio: 0.768
_________________________________
case 89
box_list: [[4, 3, 4, 0], [3, 5, 4, 1], [3, 2, 5, 2]]
num_list: [10, 8, 15]
ratio: 0.672
_________________________________
case 90
box_list: [[2, 3, 4, 0], [2, 5, 5, 1], [5, 3, 5, 2]]
num_list: [13, 6, 7]
ratio: 0.588
_________________________________
case 91
box_list: [[2, 3, 5, 0], [5, 3, 4, 1], [2, 2, 5, 2]]
num_list: [11, 8, 18]
ratio: 0.66
_________________________________
case 92
box_list: [[2, 4, 5, 0], [4, 2, 4, 1], [3, 5, 2, 2]]
num_list: [12, 12, 15]
ratio: 0.864
_________________________________
case 93
box_list: [[5, 3, 5, 0], [2, 3, 3, 1], [5, 3, 5, 2]]
num_list: [6, 18, 4]
ratio: 0.72
_________________________________
case 94
box_list: [[3, 4, 5, 0], [5, 3, 4, 1], [4, 2, 2, 2]]
num_list: [6, 9, 22]
ratio: 0.712
_________________________________
case 95
box_list: [[2, 5, 3, 0], [3, 2, 3, 1], [4, 2, 5, 2]]
num_list: [13, 22, 12]
ratio: 0.79
_________________________________
case 96
box_list: [[5, 5, 3, 0], [3, 2, 5, 1], [5, 4, 3, 2]]
num_list: [6, 15, 5]
ratio: 0.69
_________________________________
case 97
box_list: [[2, 5, 4, 0], [5, 4, 4, 1], [2, 3, 4, 2]]
num_list: [11, 7, 14]
ratio: 0.736
_________________________________
case 98
box_list: [[2, 4, 5, 0], [4, 3, 4, 1], [4, 2, 5, 2]]
num_list: [10, 10, 9]
ratio: 0.672
_________________________________
case 99
box_list: [[3, 5, 4, 0], [4, 4, 4, 1], [3, 3, 4, 2]]
num_list: [6, 9, 10]
ratio: 0.492
_________________________________
case 100
box_list: [[3, 3, 3, 0], [5, 5, 5, 1], [2, 3, 2, 2]]
num_list: [15, 6, 31]
ratio: 0.777
_________________________________
time(s): 199.3965231
0.74213
