case 1
box_list: [[4, 4, 3, 0], [3, 3, 3, 1], [3, 5, 3, 2], [5, 5, 5, 3], [5, 2, 4, 4], [5, 4, 2, 5], [3, 5, 5, 6], [3, 2, 2, 7], [3, 4, 4, 8], [4, 2, 2, 9], [3, 5, 3, 10], [5, 5, 4, 11], [2, 5, 5, 12], [5, 5, 3, 13], [2, 2, 5, 14]]
num_list: [2, 2, 2, 4, 2, 5, 4, 7, 2, 8, 3, 4, 4, 4, 5]
ratio: 0.616
_________________________________
case 2
box_list: [[4, 2, 5, 0], [5, 3, 2, 1], [5, 4, 4, 2], [3, 2, 2, 3], [2, 3, 3, 4], [4, 4, 4, 5], [3, 3, 3, 6], [5, 2, 3, 7], [3, 2, 5, 8], [2, 4, 4, 9], [2, 3, 2, 10], [2, 5, 4, 11], [3, 2, 5, 12], [4, 4, 5, 13], [4, 2, 2, 14]]
num_list: [4, 6, 3, 9, 3, 3, 5, 4, 6, 6, 9, 5, 2, 3, 7]
ratio: 0.738
_________________________________
case 3
box_list: [[5, 2, 3, 0], [4, 4, 5, 1], [2, 2, 5, 2], [4, 2, 3, 3], [2, 2, 2, 4], [4, 2, 3, 5], [3, 5, 3, 6], [3, 4, 5, 7], [4, 3, 5, 8], [5, 5, 4, 9], [2, 2, 3, 10], [2, 3, 4, 11], [4, 3, 3, 12], [3, 4, 5, 13], [5, 3, 4, 14]]
num_list: [2, 4, 6, 3, 8, 2, 1, 5, 4, 1, 7, 4, 3, 4, 2]
ratio: 0.812
_________________________________
case 4
box_list: [[4, 3, 3, 0], [2, 4, 4, 1], [5, 5, 5, 2], [4, 5, 2, 3], [4, 5, 2, 4], [2, 4, 5, 5], [5, 2, 3, 6], [2, 5, 2, 7], [3, 5, 4, 8], [3, 5, 2, 9], [3, 3, 3, 10], [5, 4, 3, 11], [4, 5, 2, 12], [3, 4, 3, 13], [2, 3, 2, 14]]
num_list: [4, 4, 3, 5, 2, 4, 4, 4, 5, 5, 5, 2, 5, 5, 9]
ratio: 0.835
_________________________________
case 5
box_list: [[4, 4, 4, 0], [2, 4, 5, 1], [2, 2, 3, 2], [3, 3, 5, 3], [3, 4, 2, 4], [5, 4, 4, 5], [2, 2, 3, 6], [2, 2, 5, 7], [4, 2, 5, 8], [4, 3, 5, 9], [3, 4, 2, 10], [3, 3, 3, 11], [4, 3, 3, 12], [3, 3, 2, 13], [5, 3, 4, 14]]
num_list: [5, 5, 9, 4, 2, 4, 5, 5, 2, 4, 3, 6, 5, 4, 2]
ratio: 0.868
_________________________________
time(s): 944.5598018
0.7738000000000001
