case 1
box_list: [[2, 2, 5, 0], [2, 3, 4, 1], [2, 5, 4, 2], [4, 2, 3, 3], [5, 3, 3, 4], [5, 5, 2, 5], [2, 3, 3, 6], [2, 3, 4, 7], [5, 4, 3, 8], [3, 4, 3, 9]]
num_list: [5, 6, 2, 8, 2, 6, 8, 4, 2, 3]
ratio: 0.618
_________________________________
case 2
box_list: [[5, 4, 3, 0], [2, 2, 3, 1], [3, 3, 5, 2], [3, 2, 4, 3], [5, 4, 3, 4], [3, 5, 2, 5], [3, 4, 5, 6], [2, 4, 2, 7], [2, 5, 5, 8], [2, 3, 4, 9]]
num_list: [1, 10, 3, 8, 5, 6, 5, 8, 4, 8]
ratio: 0.952
_________________________________
case 3
box_list: [[2, 5, 3, 0], [2, 2, 3, 1], [2, 2, 2, 2], [3, 5, 5, 3], [4, 2, 4, 4], [2, 4, 5, 5], [4, 2, 5, 6], [5, 4, 4, 7], [4, 3, 3, 8], [5, 5, 5, 9]]
num_list: [6, 9, 15, 1, 7, 2, 4, 1, 2, 4]
ratio: 0.944
_________________________________
case 4
box_list: [[5, 4, 4, 0], [5, 4, 2, 1], [2, 4, 5, 2], [4, 2, 4, 3], [4, 5, 3, 4], [2, 3, 2, 5], [5, 2, 5, 6], [4, 5, 4, 7], [3, 5, 4, 8], [5, 4, 4, 9]]
num_list: [1, 5, 5, 7, 4, 8, 2, 1, 3, 4]
ratio: 0.728
_________________________________
case 5
box_list: [[5, 3, 3, 0], [4, 2, 2, 1], [4, 2, 5, 2], [2, 3, 4, 3], [5, 5, 3, 4], [2, 2, 2, 5], [5, 3, 4, 6], [4, 4, 3, 7], [2, 5, 5, 8], [4, 5, 3, 9]]
num_list: [2, 7, 2, 4, 2, 15, 4, 6, 3, 1]
ratio: 0.652
_________________________________
case 6
box_list: [[5, 4, 4, 0], [2, 3, 5, 1], [3, 2, 4, 2], [5, 4, 5, 3], [5, 2, 4, 4], [4, 2, 5, 5], [4, 5, 4, 6], [3, 2, 3, 7], [3, 5, 5, 8], [3, 3, 4, 9]]
num_list: [1, 3, 6, 2, 5, 2, 4, 8, 4, 4]
ratio: 0.78
_________________________________
case 7
box_list: [[5, 3, 4, 0], [2, 5, 3, 1], [3, 4, 5, 2], [3, 5, 5, 3], [4, 3, 5, 4], [4, 3, 4, 5], [4, 4, 4, 6], [5, 3, 3, 7], [5, 3, 5, 8], [3, 3, 4, 9]]
num_list: [5, 3, 3, 4, 4, 4, 3, 5, 2, 4]
ratio: 0.84
_________________________________
case 8
box_list: [[4, 3, 3, 0], [5, 4, 2, 1], [5, 3, 2, 2], [2, 2, 4, 3], [3, 4, 3, 4], [3, 4, 5, 5], [4, 5, 3, 6], [5, 5, 3, 7], [3, 4, 5, 8], [5, 3, 5, 9]]
num_list: [6, 5, 3, 8, 6, 3, 4, 1, 4, 3]
ratio: 0.653
_________________________________
case 9
box_list: [[4, 2, 5, 0], [2, 2, 2, 1], [3, 3, 2, 2], [3, 3, 3, 3], [4, 5, 3, 4], [3, 4, 4, 5], [2, 5, 3, 6], [5, 5, 2, 7], [5, 2, 5, 8], [5, 5, 2, 9]]
num_list: [4, 12, 5, 7, 3, 4, 7, 4, 4, 4]
ratio: 0.838
_________________________________
case 10
box_list: [[2, 4, 3, 0], [4, 2, 5, 1], [4, 2, 2, 2], [5, 5, 5, 3], [2, 4, 3, 4], [5, 3, 2, 5], [3, 5, 2, 6], [4, 4, 3, 7], [2, 4, 4, 8], [5, 3, 3, 9]]
num_list: [6, 3, 6, 2, 4, 5, 6, 2, 5, 6]
ratio: 0.64
_________________________________
time(s): 533.8828109
0.7644999999999999
