(0,0,0)->108 76 30
(0,0,30)->108 76 30
(0,76,0)->108 76 30
(108,0,0)->108 76 30
(0,0,60)->108 76 30
(0,76,30)->108 76 30
(0,152,0)->108 76 30
(108,0,30)->108 76 30
(108,76,0)->108 76 30
(216,0,0)->108 76 30
(0,0,90)->108 76 30
(0,76,60)->108 76 30
(0,152,30)->108 76 30
(108,0,60)->108 76 30
(108,76,30)->108 76 30
(108,152,0)->108 76 30
(216,0,30)->108 76 30
(216,76,0)->108 76 30
(324,0,0)->108 76 30
(0,0,120)->108 76 30
(0,76,90)->108 76 30
(0,152,60)->108 76 30
(108,0,90)->108 76 30
(108,76,60)->108 76 30
(108,152,30)->108 76 30
(216,0,60)->108 76 30
(216,76,30)->108 76 30
(216,152,0)->108 76 30
(324,0,30)->108 76 30
(432,0,0)->108 76 30
(324,76,0)->108 76 30
(0,0,150)->108 76 30
(0,76,120)->108 76 30
(0,152,90)->108 76 30
(108,0,120)->108 76 30
(108,76,90)->108 76 30
(108,152,60)->108 76 30
(216,0,90)->108 76 30
(216,76,60)->108 76 30
(216,152,30)->108 76 30
(324,152,0)->92 81 55
(432,76,0)->92 81 55
(324,152,55)->92 81 55
(432,76,55)->92 81 55
(324,152,110)->92 81 55
(432,76,110)->92 81 55
(324,152,165)->92 81 55
(432,76,165)->92 81 55
(432,157,0)->110 43 25
(432,157,25)->110 43 25
(432,157,50)->110 43 25
(432,157,75)->110 43 25
(432,157,100)->110 43 25
(432,157,125)->110 43 25
(432,157,150)->110 43 25
(432,157,175)->110 43 25
车厢的填充率为0.46775200218547125

(0,0,0)->105 77 72
(0,0,72)->105 77 72
(0,77,0)->105 77 72
(105,0,0)->105 77 72
(0,0,144)->105 77 72
(0,77,72)->105 77 72
(0,154,0)->105 77 72
(105,0,72)->105 77 72
(105,77,0)->105 77 72
(210,0,0)->105 77 72
(0,77,144)->105 77 72
(0,154,72)->105 77 72
(105,0,144)->105 77 72
(105,77,72)->105 77 72
(105,154,0)->105 77 72
(210,0,72)->105 77 72
(210,77,0)->105 77 72
(315,0,0)->105 77 72
(0,154,144)->105 77 72
(105,77,144)->105 77 72
(105,154,72)->105 77 72
(210,0,144)->105 77 72
(210,77,72)->105 77 72
(210,154,0)->105 77 72
(315,77,0)->79 78 48
(315,77,48)->79 78 48
(315,155,0)->79 78 48
(394,77,0)->79 78 48
(315,77,96)->79 78 48
(315,155,48)->79 78 48
(394,77,48)->79 78 48
(394,155,0)->79 78 48
(473,77,0)->79 78 48
(315,77,144)->79 78 48
(315,155,96)->79 78 48
(394,77,96)->79 78 48
(394,155,48)->79 78 48
(473,77,48)->79 78 48
(473,155,0)->79 78 48
(315,155,144)->79 78 48
(394,77,144)->79 78 48
(394,155,96)->79 78 48
(473,77,96)->79 78 48
(473,155,48)->79 78 48
(394,155,144)->79 78 48
(473,77,144)->79 78 48
(473,155,96)->79 78 48
(473,155,144)->79 78 48
(315,0,72)->91 54 45
(420,0,0)->91 54 45
(105,154,144)->91 54 45
(210,77,144)->91 54 45
(210,154,72)->91 54 45
(315,0,117)->91 54 45
(420,0,45)->91 54 45
(210,154,117)->91 54 45
(315,0,162)->91 54 45
(420,0,90)->91 54 45
(210,154,162)->91 54 45
(420,0,135)->91 54 45
车厢的填充率为0.7884135459337804

(0,0,0)->105 77 72
(0,0,72)->105 77 72
(0,77,0)->105 77 72
(105,0,0)->105 77 72
(0,0,144)->105 77 72
(0,77,72)->105 77 72
(0,154,0)->105 77 72
(105,0,72)->105 77 72
(105,77,0)->105 77 72
(210,0,0)->105 77 72
(0,77,144)->105 77 72
(0,154,72)->105 77 72
(105,0,144)->105 77 72
(105,77,72)->105 77 72
(105,154,0)->105 77 72
(210,0,72)->105 77 72
(210,77,0)->105 77 72
(315,0,0)->105 77 72
(0,154,144)->105 77 72
(105,77,144)->105 77 72
(105,154,72)->105 77 72
(210,0,144)->105 77 72
(210,77,72)->105 77 72
(210,154,0)->105 77 72
(315,77,0)->79 78 48
(315,77,48)->79 78 48
(315,155,0)->79 78 48
(394,77,0)->79 78 48
(315,77,96)->79 78 48
(315,155,48)->79 78 48
(394,77,48)->79 78 48
(394,155,0)->79 78 48
(473,77,0)->79 78 48
(315,77,144)->79 78 48
(315,155,96)->79 78 48
(394,77,96)->79 78 48
(394,155,48)->79 78 48
(473,77,48)->79 78 48
(473,155,0)->79 78 48
(315,155,144)->79 78 48
(394,77,144)->79 78 48
(394,155,96)->79 78 48
(473,77,96)->79 78 48
(473,155,48)->79 78 48
(394,155,144)->79 78 48
(473,77,144)->79 78 48
(473,155,96)->79 78 48
(473,155,144)->79 78 48
(315,0,72)->91 54 45
(420,0,0)->91 54 45
(105,154,144)->91 54 45
(210,77,144)->91 54 45
(210,154,72)->91 54 45
(315,0,117)->91 54 45
(420,0,45)->91 54 45
(210,154,117)->91 54 45
(315,0,162)->91 54 45
(420,0,90)->91 54 45
(210,154,162)->91 54 45
(420,0,135)->91 54 45
车厢的填充率为0.7884135459337804

(0,0,0)->98 75 55
(0,0,55)->98 75 55
(0,75,0)->98 75 55
(98,0,0)->98 75 55
(0,0,110)->98 75 55
(0,75,55)->98 75 55
(0,150,0)->98 75 55
(98,0,55)->98 75 55
(98,75,0)->98 75 55
(196,0,0)->98 75 55
(0,0,165)->98 75 55
(0,75,110)->98 75 55
(0,150,55)->98 75 55
(98,0,110)->98 75 55
(98,75,55)->98 75 55
(98,150,0)->98 75 55
(196,0,55)->98 75 55
(196,75,0)->98 75 55
(294,0,0)->98 75 55
(0,75,165)->98 75 55
(0,150,110)->98 75 55
(98,0,165)->98 75 55
(98,75,110)->98 75 55
(98,150,55)->98 75 55
(196,0,110)->98 75 55
(196,75,55)->98 75 55
(196,150,0)->98 75 55
(294,0,55)->98 75 55
(392,0,0)->98 75 55
(294,75,0)->98 75 55
(0,150,165)->98 75 55
(98,75,165)->98 75 55
(98,150,110)->98 75 55
(196,0,165)->98 75 55
(196,75,110)->98 75 55
(196,150,55)->98 75 55
(294,0,110)->98 75 55
(392,0,55)->98 75 55
(294,75,55)->98 75 55
(294,150,0)->98 75 55
(490,0,0)->60 59 39
(392,75,0)->60 59 39
(98,150,165)->60 59 39
(196,75,165)->60 59 39
(196,150,110)->60 59 39
(294,0,165)->60 59 39
(392,0,110)->60 59 39
(294,75,110)->60 59 39
(294,150,55)->60 59 39
(490,0,39)->60 59 39
(392,75,39)->60 59 39
(392,134,0)->60 59 39
(452,75,0)->60 59 39
(196,150,149)->60 59 39
(392,0,149)->60 59 39
(294,75,149)->60 59 39
(294,150,94)->60 59 39
(490,0,78)->60 59 39
(392,75,78)->60 59 39
(392,134,39)->60 59 39
(452,75,39)->60 59 39
(512,75,0)->60 59 39
(452,134,0)->60 59 39
(294,150,133)->60 59 39
(490,0,117)->60 59 39
(392,75,117)->60 59 39
(392,134,78)->60 59 39
(452,75,78)->60 59 39
(512,75,39)->60 59 39
(452,134,39)->60 59 39
(294,150,172)->60 59 39
(490,0,156)->60 59 39
(392,75,156)->60 59 39
(392,134,117)->60 59 39
(452,75,117)->60 59 39
(512,75,78)->60 59 39
(452,134,78)->60 59 39
(392,134,156)->60 59 39
(452,75,156)->60 59 39
(512,75,117)->60 59 39
(452,134,117)->60 59 39
(512,75,156)->60 59 39
(452,134,156)->60 59 39
(196,150,188)->60 40 32
(392,0,188)->60 40 32
(294,75,188)->60 40 32
(452,193,0)->60 40 32
(392,193,0)->60 40 32
(452,193,32)->60 40 32
(392,193,32)->60 40 32
(452,193,0)->60 40 32
(452,193,64)->60 40 32
(392,193,64)->60 40 32
(452,193,32)->60 40 32
(452,193,96)->60 40 32
(392,193,96)->60 40 32
(452,193,64)->60 40 32
(452,193,128)->60 40 32
(392,193,128)->60 40 32
(452,193,96)->60 40 32
(452,193,160)->60 40 32
(392,193,160)->60 40 32
(452,193,128)->60 40 32
(452,193,160)->60 40 32
车厢的填充率为0.788291111685691

(0,0,0)->90 84 41
(0,0,41)->90 84 41
(0,84,0)->90 84 41
(90,0,0)->90 84 41
(0,0,82)->90 84 41
(0,84,41)->90 84 41
(90,0,41)->90 84 41
(90,84,0)->90 84 41
(180,0,0)->90 84 41
(0,0,123)->90 84 41
(0,84,82)->90 84 41
(90,0,82)->90 84 41
(90,84,41)->90 84 41
(180,0,41)->90 84 41
(180,84,0)->90 84 41
(270,0,0)->90 84 41
(0,0,164)->90 84 41
(0,84,123)->90 84 41
(90,0,123)->90 84 41
(90,84,82)->90 84 41
(180,0,82)->90 84 41
(180,84,41)->90 84 41
(270,0,41)->90 84 41
(270,84,0)->90 84 41
(360,0,0)->90 84 41
(0,84,164)->90 84 41
(90,0,164)->90 84 41
(90,84,123)->90 84 41
(180,0,123)->90 84 41
(180,84,82)->90 84 41
(270,0,82)->90 84 41
(270,84,41)->90 84 41
(360,0,41)->90 84 41
(450,0,0)->90 84 41
(360,84,0)->90 84 41
(90,84,164)->90 84 41
(180,0,164)->90 84 41
(180,84,123)->90 84 41
(270,0,123)->90 84 41
(270,84,82)->90 84 41
(360,0,82)->90 84 41
(450,0,41)->90 84 41
(360,84,41)->90 84 41
(180,84,164)->90 84 41
(270,0,164)->90 84 41
(270,84,123)->90 84 41
(360,0,123)->90 84 41
(450,0,82)->90 84 41
(360,84,82)->90 84 41
(270,84,164)->90 84 41
(360,0,164)->90 84 41
(450,0,123)->90 84 41
(360,84,123)->90 84 41
(450,0,164)->90 84 41
(360,84,164)->90 84 41
(540,0,0)->78 37 27
(360,168,0)->78 37 27
(270,168,0)->78 37 27
(540,0,27)->78 37 27
(360,168,27)->78 37 27
(270,168,27)->78 37 27
(348,168,0)->78 37 27
(540,0,54)->78 37 27
(360,168,54)->78 37 27
(270,168,54)->78 37 27
(348,168,27)->78 37 27
(540,0,81)->78 37 27
(360,168,81)->78 37 27
(270,168,81)->78 37 27
(348,168,54)->78 37 27
(540,0,108)->78 37 27
(360,168,108)->78 37 27
(270,168,108)->78 37 27
(348,168,81)->78 37 27
(540,0,135)->78 37 27
(360,168,135)->78 37 27
(270,168,135)->78 37 27
(348,168,108)->78 37 27
(540,0,162)->78 37 27
(360,168,162)->78 37 27
(270,168,162)->78 37 27
(348,168,135)->78 37 27
(540,0,189)->78 37 27
(360,168,189)->78 37 27
(270,168,189)->78 37 27
(348,168,162)->78 37 27
(348,168,189)->78 37 27
车厢的填充率为0.6494367160502525

(0,0,0)->120 99 73
(0,0,73)->120 99 73
(0,99,0)->120 99 73
(120,0,0)->120 99 73
(0,0,146)->120 99 73
(0,99,73)->120 99 73
(120,0,73)->120 99 73
(120,99,0)->120 99 73
(240,0,0)->120 99 73
(0,99,146)->120 99 73
(120,0,146)->120 99 73
(120,99,73)->120 99 73
(240,0,73)->120 99 73
(240,99,0)->120 99 73
(360,0,0)->120 99 73
(120,99,146)->108 76 30
(240,0,146)->108 76 30
(240,99,73)->108 76 30
(360,0,73)->108 76 30
(360,99,0)->108 76 30
(120,99,176)->108 76 30
(240,0,176)->108 76 30
(240,99,103)->108 76 30
(360,0,103)->108 76 30
(360,99,30)->108 76 30
(468,99,0)->108 76 30
(240,99,133)->108 76 30
(360,0,133)->108 76 30
(360,99,60)->108 76 30
(468,99,30)->108 76 30
(240,99,163)->108 76 30
(360,0,163)->108 76 30
(360,99,90)->108 76 30
(468,99,60)->108 76 30
(360,99,120)->108 76 30
(468,99,90)->108 76 30
(360,99,150)->108 76 30
(468,99,120)->108 76 30
(360,99,180)->108 76 30
(468,99,150)->108 76 30
(468,99,180)->108 76 30
(480,0,0)->92 81 55
(480,0,55)->92 81 55
(480,0,110)->92 81 55
(480,0,165)->92 81 55
(468,175,0)->110 43 25
(468,175,25)->110 43 25
(468,175,50)->110 43 25
(468,175,75)->110 43 25
(468,175,100)->110 43 25
(468,175,125)->110 43 25
(468,175,150)->110 43 25
(468,175,175)->110 43 25
(240,198,0)->81 33 28
(240,198,28)->81 33 28
(240,198,56)->81 33 28
(240,198,84)->81 33 28
(240,198,112)->81 33 28
(240,198,140)->81 33 28
(240,198,168)->81 33 28
车厢的填充率为0.7484371022299384

(0,0,0)->103 76 64
(0,0,64)->103 76 64
(0,76,0)->103 76 64
(103,0,0)->103 76 64
(0,0,128)->103 76 64
(0,76,64)->103 76 64
(0,152,0)->103 76 64
(103,0,64)->103 76 64
(103,76,0)->103 76 64
(206,0,0)->103 76 64
(0,76,128)->103 76 64
(0,152,64)->103 76 64
(103,0,128)->103 76 64
(103,76,64)->103 76 64
(103,152,0)->103 76 64
(206,0,64)->103 76 64
(206,76,0)->103 76 64
(309,0,0)->103 76 64
(0,152,128)->103 76 64
(103,76,128)->103 76 64
(103,152,64)->103 76 64
(206,0,128)->103 76 64
(206,76,64)->103 76 64
(206,152,0)->103 76 64
(309,0,64)->103 76 64
(412,0,0)->103 76 64
(309,76,0)->103 76 64
(103,152,128)->103 76 64
(206,76,128)->95 70 62
(206,152,64)->95 70 62
(309,0,128)->95 70 62
(412,0,64)->95 70 62
(309,76,64)->95 70 62
(309,152,0)->95 70 62
(412,76,0)->95 70 62
(206,152,126)->95 70 62
(412,0,126)->95 70 62
(309,76,126)->95 70 62
(309,152,62)->95 70 62
(412,76,62)->95 70 62
(412,146,0)->95 70 62
(309,152,124)->95 70 62
(412,76,124)->95 70 62
(412,146,62)->95 70 62
(412,146,124)->95 70 62
(515,0,0)->60 51 41
(507,146,0)->60 51 41
(515,0,41)->60 51 41
(507,146,41)->60 51 41
(515,0,82)->60 51 41
(507,146,82)->60 51 41
(515,0,123)->60 51 41
(507,146,123)->60 51 41
(515,0,164)->60 51 41
(507,146,164)->60 51 41
(206,0,192)->49 25 21
(103,152,192)->49 25 21
(206,76,190)->49 25 21
(309,0,190)->49 25 21
(206,152,188)->49 25 21
(412,0,188)->49 25 21
(309,76,188)->49 25 21
(309,152,186)->49 25 21
(412,146,186)->49 25 21
(515,51,0)->49 25 21
(507,197,0)->49 25 21
(255,0,192)->49 25 21
(206,25,192)->49 25 21
(152,152,192)->49 25 21
(103,177,192)->49 25 21
(206,101,190)->49 25 21
(309,25,190)->49 25 21
(206,177,188)->49 25 21
(412,25,188)->49 25 21
(309,101,188)->49 25 21
(309,177,186)->49 25 21
(412,171,186)->49 25 21
(515,51,21)->49 25 21
(507,197,21)->49 25 21
(206,50,192)->49 25 21
(255,25,192)->49 25 21
(103,202,192)->49 25 21
(152,177,192)->49 25 21
(255,76,190)->49 25 21
(358,0,190)->49 25 21
(255,152,188)->49 25 21
(461,0,188)->49 25 21
(358,76,188)->49 25 21
(358,152,186)->49 25 21
(461,146,186)->49 25 21
(515,51,42)->49 25 21
(507,197,42)->49 25 21
(255,50,192)->49 25 21
(152,202,192)->49 25 21
(515,51,63)->49 25 21
(507,197,63)->49 25 21
(515,51,84)->49 25 21
(515,51,105)->49 25 21
(515,51,126)->49 25 21
(515,51,147)->49 25 21
(515,51,168)->49 25 21
(515,51,189)->49 25 21
车厢的填充率为0.7810185372896036

(0,0,0)->100 80 72
(0,0,72)->100 80 72
(0,80,0)->100 80 72
(100,0,0)->100 80 72
(0,0,144)->100 80 72
(0,80,72)->100 80 72
(100,0,72)->100 80 72
(100,80,0)->100 80 72
(200,0,0)->100 80 72
(0,80,144)->100 80 72
(100,0,144)->100 80 72
(100,80,72)->100 80 72
(200,0,72)->100 80 72
(200,80,0)->100 80 72
(300,0,0)->100 80 72
(100,80,144)->100 80 72
(200,0,144)->100 80 72
(200,80,72)->100 80 72
(300,0,72)->100 80 72
(400,0,0)->100 80 72
(300,80,0)->87 77 43
(200,80,144)->87 77 43
(300,0,144)->87 77 43
(400,0,72)->87 77 43
(500,0,0)->87 77 43
(300,80,43)->87 77 43
(387,80,0)->87 77 43
(400,0,115)->87 77 43
(500,0,43)->87 77 43
(300,80,86)->87 77 43
(387,80,43)->87 77 43
(400,0,158)->87 77 43
(500,0,86)->87 77 43
(300,80,129)->87 77 43
(387,80,86)->87 77 43
(500,0,129)->87 77 43
(300,80,172)->87 77 43
(387,80,129)->87 77 43
(500,0,172)->87 77 43
(387,80,172)->87 77 43
(200,160,0)->94 54 36
(300,157,0)->94 54 36
(200,160,36)->94 54 36
(300,157,36)->94 54 36
(200,160,72)->94 54 36
(300,157,72)->94 54 36
(200,160,108)->94 54 36
(300,157,108)->94 54 36
(200,160,144)->94 54 36
(300,157,144)->94 54 36
(200,160,180)->94 54 36
(300,157,180)->94 54 36
(387,157,0)->83 40 36
(387,157,36)->83 40 36
(387,157,72)->83 40 36
(387,157,108)->83 40 36
(387,157,144)->83 40 36
(387,157,180)->83 40 36
车厢的填充率为0.6710318043232184

(0,0,0)->94 85 39
(0,0,39)->94 85 39
(0,85,0)->94 85 39
(94,0,0)->94 85 39
(0,0,78)->94 85 39
(0,85,39)->94 85 39
(94,0,39)->94 85 39
(94,85,0)->94 85 39
(188,0,0)->94 85 39
(0,0,117)->94 85 39
(0,85,78)->94 85 39
(94,0,78)->94 85 39
(94,85,39)->94 85 39
(188,0,39)->94 85 39
(188,85,0)->94 85 39
(282,0,0)->94 85 39
(0,0,156)->94 85 39
(0,85,117)->94 85 39
(94,0,117)->94 85 39
(94,85,78)->94 85 39
(188,0,78)->84 78 28
(188,85,39)->84 78 28
(282,0,39)->84 78 28
(282,85,0)->84 78 28
(376,0,0)->84 78 28
(0,85,156)->84 78 28
(94,0,156)->84 78 28
(94,85,117)->84 78 28
(188,0,106)->84 78 28
(188,85,67)->84 78 28
(282,0,67)->84 78 28
(282,85,28)->84 78 28
(376,0,28)->84 78 28
(460,0,0)->84 78 28
(376,78,0)->84 78 28
(0,85,184)->84 78 28
(94,0,184)->84 78 28
(94,85,145)->84 78 28
(188,0,134)->84 78 28
(188,85,95)->84 78 28
(282,0,95)->84 78 28
(282,85,56)->84 78 28
(376,0,56)->84 78 28
(460,0,28)->84 78 28
(376,78,28)->84 78 28
(460,78,0)->84 78 28
(94,85,173)->84 78 28
(188,0,162)->84 78 28
(188,85,123)->84 78 28
(282,0,123)->84 78 28
(282,85,84)->84 78 28
(376,0,84)->84 78 28
(460,0,56)->84 78 28
(376,78,56)->84 78 28
(460,78,28)->84 78 28
(188,0,190)->84 78 28
(188,85,151)->84 78 28
(282,0,151)->84 78 28
(282,85,112)->84 78 28
(376,0,112)->84 78 28
(460,0,84)->84 78 28
(376,78,84)->84 78 28
(460,78,56)->84 78 28
(188,85,179)->84 78 28
(282,0,179)->84 78 28
(282,85,140)->84 78 28
(376,0,140)->84 78 28
(460,0,112)->84 78 28
(376,78,112)->84 78 28
(460,78,84)->84 78 28
(282,85,168)->84 78 28
(376,0,168)->84 78 28
(460,0,140)->84 78 28
(376,78,140)->84 78 28
(460,78,112)->84 78 28
(460,0,168)->84 78 28
(376,78,168)->84 78 28
(460,78,140)->84 78 28
(460,78,168)->84 78 28
(282,163,0)->90 70 63
(282,163,63)->90 70 63
(282,163,126)->90 70 63
(376,156,0)->80 76 54
(376,156,54)->80 76 54
(376,156,108)->80 76 54
(376,156,162)->80 76 54
(188,170,0)->69 50 45
(188,170,45)->69 50 45
(188,170,90)->69 50 45
(188,170,135)->69 50 45
车厢的填充率为0.6706991979293856

(0,0,0)->106 80 59
(0,0,59)->106 80 59
(0,80,0)->106 80 59
(106,0,0)->106 80 59
(0,0,118)->106 80 59
(0,80,59)->106 80 59
(106,0,59)->106 80 59
(106,80,0)->106 80 59
(212,0,0)->106 80 59
(0,80,118)->106 80 59
(106,0,118)->106 80 59
(106,80,59)->106 80 59
(212,0,59)->106 80 59
(212,80,0)->106 80 59
(318,0,0)->106 80 59
(106,80,118)->106 80 59
(212,0,118)->106 80 59
(212,80,59)->106 80 59
(318,0,59)->106 80 59
(424,0,0)->106 80 59
(318,80,0)->106 80 59
(212,80,118)->106 80 59
(318,0,118)->106 80 59
(424,0,59)->106 80 59
(318,80,59)->106 80 59
(212,160,0)->118 56 22
(212,160,22)->118 56 22
(212,160,44)->118 56 22
(212,160,66)->118 56 22
(212,160,88)->118 56 22
(212,160,110)->118 56 22
(212,160,132)->118 56 22
(212,160,154)->118 56 22
(212,160,176)->118 56 22
(212,160,198)->118 56 22
(318,160,0)->74 63 61
(424,0,118)->74 63 61
(318,80,118)->74 63 61
(330,160,0)->74 63 61
(318,160,61)->74 63 61
(330,160,61)->74 63 61
(318,160,122)->74 63 61
(330,160,122)->74 63 61
(212,80,177)->71 60 25
(318,0,177)->71 60 25
(424,0,179)->71 60 25
(318,80,179)->71 60 25
(318,160,183)->71 60 25
(330,160,183)->71 60 25
车厢的填充率为0.5608517488755258

(0,0,0)->120 99 73
(0,0,73)->120 99 73
(0,99,0)->120 99 73
(120,0,0)->120 99 73
(0,0,146)->120 99 73
(0,99,73)->120 99 73
(120,0,73)->120 99 73
(120,99,0)->120 99 73
(240,0,0)->120 99 73
(0,99,146)->120 99 73
(120,0,146)->120 99 73
(120,99,73)->108 76 30
(240,0,73)->108 76 30
(240,99,0)->108 76 30
(360,0,0)->108 76 30
(120,99,103)->108 76 30
(240,0,103)->108 76 30
(240,99,30)->108 76 30
(360,0,30)->108 76 30
(468,0,0)->108 76 30
(360,76,0)->108 76 30
(120,99,133)->108 76 30
(240,0,133)->108 76 30
(240,99,60)->108 76 30
(360,0,60)->108 76 30
(468,0,30)->108 76 30
(360,76,30)->108 76 30
(360,152,0)->108 76 30
(468,76,0)->108 76 30
(120,99,163)->108 76 30
(240,0,163)->108 76 30
(240,99,90)->108 76 30
(360,0,90)->108 76 30
(468,0,60)->108 76 30
(360,76,60)->108 76 30
(360,152,30)->108 76 30
(468,76,30)->108 76 30
(240,99,120)->108 76 30
(360,0,120)->108 76 30
(468,0,90)->108 76 30
(360,76,90)->108 76 30
(360,152,60)->108 76 30
(468,76,60)->108 76 30
(240,99,150)->108 76 30
(360,0,150)->108 76 30
(468,0,120)->108 76 30
(360,76,120)->108 76 30
(360,152,90)->108 76 30
(468,76,90)->108 76 30
(240,99,180)->108 76 30
(360,0,180)->108 76 30
(468,0,150)->108 76 30
(360,76,150)->108 76 30
(360,152,120)->108 76 30
(468,76,120)->108 76 30
(468,0,180)->108 76 30
(360,76,180)->108 76 30
(360,152,150)->108 76 30
(468,76,150)->108 76 30
(360,152,180)->108 76 30
(468,76,180)->108 76 30
(240,175,0)->110 43 25
(240,175,25)->110 43 25
(240,175,50)->110 43 25
(240,175,75)->110 43 25
(240,175,100)->110 43 25
(240,175,125)->110 43 25
(240,175,150)->110 43 25
(240,175,175)->110 43 25
(120,198,0)->81 33 28
(120,198,28)->81 33 28
(120,198,56)->81 33 28
(120,198,84)->81 33 28
(120,198,112)->81 33 28
(120,198,140)->81 33 28
(120,198,168)->81 33 28
车厢的填充率为0.7750695422541062

(0,0,0)->102 78 39
(0,0,39)->102 78 39
(0,78,0)->102 78 39
(102,0,0)->102 78 39
(0,0,78)->102 78 39
(0,78,39)->102 78 39
(102,0,39)->102 78 39
(102,78,0)->102 78 39
(204,0,0)->102 78 39
(0,0,117)->102 78 39
(0,78,78)->102 78 39
(102,0,78)->102 78 39
(102,78,39)->102 78 39
(204,0,39)->102 78 39
(204,78,0)->102 78 39
(306,0,0)->102 78 39
(0,0,156)->102 78 39
(0,78,117)->102 78 39
(102,0,117)->102 78 39
(102,78,78)->102 78 39
(306,78,0)->97 81 27
(306,78,27)->97 81 27
(403,78,0)->97 81 27
(306,78,54)->97 81 27
(403,78,27)->97 81 27
(306,78,81)->97 81 27
(403,78,54)->97 81 27
(306,78,108)->97 81 27
(403,78,81)->97 81 27
(306,78,135)->97 81 27
(403,78,108)->97 81 27
(306,78,162)->97 81 27
(403,78,135)->97 81 27
(306,78,189)->97 81 27
(403,78,162)->97 81 27
(403,78,189)->97 81 27
(408,0,0)->106 61 56
(403,159,0)->106 61 56
(408,0,56)->106 61 56
(403,159,56)->106 61 56
(408,0,112)->106 61 56
(403,159,112)->106 61 56
(204,0,78)->100 56 35
(204,78,39)->100 56 35
(204,156,0)->100 56 35
(306,0,39)->100 56 35
(0,78,156)->100 56 35
(102,0,156)->100 56 35
(102,78,117)->100 56 35
(408,0,168)->100 56 35
(403,159,168)->100 56 35
(204,0,113)->100 56 35
(204,78,74)->100 56 35
(204,156,35)->100 56 35
(306,0,74)->100 56 35
(102,78,152)->100 56 35
(204,0,148)->100 56 35
(204,78,109)->100 56 35
(204,156,70)->100 56 35
(306,0,109)->100 56 35
(204,0,183)->100 56 35
(204,78,144)->100 56 35
(204,156,105)->100 56 35
(306,0,144)->100 56 35
(204,78,179)->100 56 35
(204,156,140)->100 56 35
(306,0,179)->100 56 35
(204,156,175)->100 56 35
(500,78,0)->66 50 42
(514,0,0)->66 50 42
(509,159,0)->66 50 42
(500,78,42)->66 50 42
(514,0,42)->66 50 42
(509,159,42)->66 50 42
(500,78,84)->66 50 42
(514,0,84)->66 50 42
(509,159,84)->66 50 42
(500,78,126)->66 50 42
(514,0,126)->66 50 42
(509,159,126)->66 50 42
(500,78,168)->66 50 42
(514,0,168)->66 50 42
(509,159,168)->66 50 42
车厢的填充率为0.6297015382713375

(0,0,0)->100 80 72
(0,0,72)->100 80 72
(0,80,0)->100 80 72
(100,0,0)->100 80 72
(0,0,144)->100 80 72
(0,80,72)->100 80 72
(100,0,72)->100 80 72
(100,80,0)->100 80 72
(200,0,0)->100 80 72
(0,80,144)->100 80 72
(100,0,144)->100 80 72
(100,80,72)->100 80 72
(200,0,72)->100 80 72
(200,80,0)->100 80 72
(300,0,0)->100 80 72
(100,80,144)->100 80 72
(200,0,144)->87 77 43
(200,80,72)->87 77 43
(300,0,72)->87 77 43
(400,0,0)->87 77 43
(300,80,0)->87 77 43
(200,80,115)->87 77 43
(300,0,115)->87 77 43
(400,0,43)->87 77 43
(487,0,0)->87 77 43
(300,80,43)->87 77 43
(387,80,0)->87 77 43
(200,80,158)->87 77 43
(300,0,158)->87 77 43
(400,0,86)->87 77 43
(487,0,43)->87 77 43
(300,80,86)->87 77 43
(387,80,43)->87 77 43
(400,0,129)->87 77 43
(487,0,86)->87 77 43
(300,80,129)->87 77 43
(387,80,86)->87 77 43
(400,0,172)->87 77 43
(487,0,129)->87 77 43
(300,80,172)->87 77 43
(387,80,129)->87 77 43
(487,0,172)->87 77 43
(387,80,172)->87 77 43
(300,157,0)->109 58 54
(300,157,54)->109 58 54
(300,157,108)->109 58 54
(300,157,162)->109 58 54
(200,160,0)->94 55 30
(200,160,30)->94 55 30
(200,160,60)->94 55 30
(200,160,90)->94 55 30
(200,160,120)->94 55 30
(200,160,150)->94 55 30
(200,160,180)->94 55 30
(387,157,0)->83 40 36
(387,157,36)->83 40 36
(387,157,72)->83 40 36
(387,157,108)->83 40 36
(387,157,144)->83 40 36
(387,157,180)->83 40 36
车厢的填充率为0.6700620014476754

(0,0,0)->103 76 64
(0,0,64)->103 76 64
(0,76,0)->103 76 64
(103,0,0)->103 76 64
(0,0,128)->103 76 64
(0,76,64)->103 76 64
(0,152,0)->103 76 64
(103,0,64)->103 76 64
(103,76,0)->103 76 64
(206,0,0)->103 76 64
(0,76,128)->103 76 64
(0,152,64)->103 76 64
(103,0,128)->103 76 64
(103,76,64)->103 76 64
(103,152,0)->103 76 64
(206,0,64)->103 76 64
(206,76,0)->85 84 72
(309,0,0)->85 84 72
(206,76,72)->85 84 72
(309,0,72)->85 84 72
(309,84,0)->85 84 72
(394,0,0)->85 84 72
(206,76,144)->85 84 72
(309,0,144)->85 84 72
(309,84,72)->85 84 72
(394,0,72)->85 84 72
(479,0,0)->85 84 72
(394,84,0)->85 84 72
(309,84,144)->85 84 72
(394,0,144)->85 84 72
(479,0,72)->85 84 72
(394,84,72)->85 84 72
(479,0,144)->85 84 72
(394,84,144)->85 84 72
(0,152,128)->95 70 62
(103,76,128)->95 70 62
(103,152,64)->95 70 62
(206,0,128)->95 70 62
(206,160,0)->95 70 62
(103,152,126)->95 70 62
(206,160,62)->95 70 62
(206,160,124)->95 70 62
(309,168,0)->111 49 26
(309,168,26)->111 49 26
(309,168,52)->111 49 26
(309,168,78)->111 49 26
(309,168,104)->111 49 26
(309,168,130)->111 49 26
(309,168,156)->111 49 26
(309,168,182)->111 49 26
(394,168,0)->60 51 41
(420,168,0)->60 51 41
(394,168,41)->60 51 41
(420,168,41)->60 51 41
(394,168,82)->60 51 41
(420,168,82)->60 51 41
(394,168,123)->60 51 41
(420,168,123)->60 51 41
(394,168,164)->60 51 41
(420,168,164)->60 51 41
(103,152,188)->48 36 31
(206,160,186)->48 36 31
(151,152,188)->48 36 31
(254,160,186)->48 36 31
(0,76,192)->49 25 21
(103,0,192)->49 25 21
(0,152,190)->49 25 21
(103,76,190)->49 25 21
(206,0,190)->49 25 21
(454,168,0)->49 25 21
(49,76,192)->49 25 21
(0,101,192)->49 25 21
(152,0,192)->49 25 21
(103,25,192)->49 25 21
(0,177,190)->49 25 21
(103,101,190)->49 25 21
(206,25,190)->49 25 21
(454,168,21)->49 25 21
(0,126,192)->49 25 21
(49,101,192)->49 25 21
(103,50,192)->49 25 21
(152,25,192)->49 25 21
(49,152,190)->49 25 21
(152,76,190)->49 25 21
(255,0,190)->49 25 21
(454,168,42)->49 25 21
(49,126,192)->49 25 21
(152,50,192)->49 25 21
(454,168,63)->49 25 21
(454,168,84)->49 25 21
车厢的填充率为0.7921916594493383

(0,0,0)->113 92 33
(0,0,33)->113 92 33
(0,92,0)->113 92 33
(113,0,0)->113 92 33
(0,0,66)->113 92 33
(0,92,33)->113 92 33
(113,0,33)->113 92 33
(113,92,0)->113 92 33
(226,0,0)->113 92 33
(0,0,99)->113 92 33
(0,92,66)->113 92 33
(113,0,66)->113 92 33
(113,92,33)->113 92 33
(226,0,33)->113 92 33
(226,92,0)->113 92 33
(339,0,0)->113 92 33
(0,0,132)->113 92 33
(0,92,99)->113 92 33
(113,0,99)->113 92 33
(113,92,66)->113 92 33
(226,0,66)->113 92 33
(226,92,33)->113 92 33
(339,0,33)->113 92 33
(452,0,0)->119 59 39
(339,92,0)->119 59 39
(452,0,39)->119 59 39
(339,92,39)->119 59 39
(458,92,0)->119 59 39
(339,151,0)->119 59 39
(452,0,78)->119 59 39
(339,92,78)->119 59 39
(458,92,39)->119 59 39
(339,151,39)->119 59 39
(458,151,0)->119 59 39
(452,0,117)->119 59 39
(339,92,117)->119 59 39
(458,92,78)->119 59 39
(339,151,78)->119 59 39
(458,151,39)->119 59 39
(452,0,156)->119 59 39
(339,92,156)->119 59 39
(458,92,117)->119 59 39
(339,151,117)->119 59 39
(458,151,78)->119 59 39
(458,92,156)->119 59 39
(339,151,156)->119 59 39
(458,151,117)->119 59 39
(458,151,156)->119 59 39
(0,0,165)->92 64 33
(0,92,132)->92 64 33
(113,0,132)->92 64 33
(113,92,99)->92 64 33
(226,0,99)->92 64 33
(226,92,66)->92 64 33
(339,0,66)->92 64 33
(0,92,165)->92 64 33
(113,0,165)->92 64 33
(92,0,165)->92 64 33
(113,92,132)->92 64 33
(92,92,132)->92 64 33
(226,0,132)->92 64 33
(226,92,99)->92 64 33
(339,0,99)->92 64 33
(318,0,99)->92 64 33
(113,92,165)->92 64 33
(92,92,165)->92 64 33
(226,0,165)->92 64 33
(226,92,132)->92 64 33
(339,0,132)->92 64 33
(318,0,132)->92 64 33
(226,92,165)->92 64 33
(339,0,165)->92 64 33
(318,0,165)->92 64 33
(226,184,0)->99 37 30
(226,184,30)->99 37 30
(226,184,60)->99 37 30
(226,184,90)->99 37 30
(226,184,120)->99 37 30
(226,184,150)->99 37 30
(226,184,180)->99 37 30
(452,59,0)->57 33 29
(452,59,29)->57 33 29
(509,59,0)->57 33 29
(452,59,58)->57 33 29
(509,59,29)->57 33 29
(452,59,87)->57 33 29
(509,59,58)->57 33 29
(452,59,116)->57 33 29
(509,59,87)->57 33 29
(452,59,145)->57 33 29
(509,59,116)->57 33 29
(452,59,174)->57 33 29
(509,59,145)->57 33 29
(509,59,174)->57 33 29
车厢的填充率为0.7021210304417271

(0,0,0)->103 76 64
(0,0,64)->103 76 64
(0,76,0)->103 76 64
(103,0,0)->103 76 64
(0,0,128)->103 76 64
(0,76,64)->103 76 64
(0,152,0)->103 76 64
(103,0,64)->103 76 64
(103,76,0)->103 76 64
(206,0,0)->103 76 64
(0,76,128)->103 76 64
(206,76,0)->85 84 72
(309,0,0)->85 84 72
(206,76,72)->85 84 72
(309,0,72)->85 84 72
(309,84,0)->85 84 72
(394,0,0)->85 84 72
(206,76,144)->85 84 72
(309,0,144)->85 84 72
(309,84,72)->85 84 72
(394,0,72)->85 84 72
(479,0,0)->85 84 72
(394,84,0)->85 84 72
(309,84,144)->85 84 72
(394,0,144)->85 84 72
(479,0,72)->85 84 72
(394,84,72)->85 84 72
(479,0,144)->85 84 72
(394,84,144)->85 84 72
(0,152,64)->95 70 62
(103,0,128)->95 70 62
(103,76,64)->95 70 62
(103,152,0)->95 70 62
(206,0,64)->95 70 62
(206,160,0)->95 70 62
(0,152,126)->95 70 62
(103,76,126)->95 70 62
(103,152,62)->95 70 62
(206,0,126)->95 70 62
(206,160,62)->95 70 62
(103,152,124)->95 70 62
(206,160,124)->95 70 62
(309,168,0)->111 49 26
(309,168,26)->111 49 26
(309,168,52)->111 49 26
(309,168,78)->111 49 26
(309,168,104)->111 49 26
(309,168,130)->111 49 26
(309,168,156)->111 49 26
(309,168,182)->111 49 26
(103,152,186)->90 43 33
(206,160,186)->90 43 33
(394,168,0)->71 48 47
(394,168,47)->71 48 47
(394,168,94)->71 48 47
(394,168,141)->71 48 47
(420,168,0)->60 51 41
(420,168,41)->60 51 41
(420,168,82)->60 51 41
(420,168,123)->60 51 41
(420,168,164)->60 51 41
(0,152,188)->48 36 31
(103,76,188)->48 36 31
(206,0,188)->48 36 31
(394,168,188)->48 36 31
(48,152,188)->48 36 31
(151,76,188)->48 36 31
(254,0,188)->48 36 31
(0,76,192)->49 25 21
(103,0,190)->49 25 21
(103,195,186)->49 25 21
(206,203,186)->49 25 21
(49,76,192)->49 25 21
(0,101,192)->49 25 21
(103,25,190)->49 25 21
(0,126,192)->49 25 21
(49,101,192)->49 25 21
(152,0,190)->49 25 21
(49,126,192)->49 25 21
车厢的填充率为0.778904452764774

(0,0,0)->102 78 39
(0,0,39)->102 78 39
(0,78,0)->102 78 39
(102,0,0)->102 78 39
(0,0,78)->102 78 39
(0,78,39)->102 78 39
(102,0,39)->102 78 39
(102,78,0)->102 78 39
(204,0,0)->102 78 39
(0,0,117)->102 78 39
(0,78,78)->102 78 39
(102,0,78)->102 78 39
(102,78,39)->102 78 39
(204,0,39)->102 78 39
(204,78,0)->102 78 39
(306,0,0)->102 78 39
(306,78,0)->97 81 27
(306,78,27)->97 81 27
(403,78,0)->97 81 27
(306,78,54)->97 81 27
(403,78,27)->97 81 27
(306,78,81)->97 81 27
(403,78,54)->97 81 27
(306,78,108)->97 81 27
(403,78,81)->97 81 27
(306,78,135)->97 81 27
(403,78,108)->97 81 27
(306,78,162)->97 81 27
(403,78,135)->97 81 27
(306,78,189)->97 81 27
(403,78,162)->97 81 27
(403,78,189)->97 81 27
(408,0,0)->103 63 58
(403,159,0)->103 63 58
(408,0,58)->103 63 58
(403,159,58)->103 63 58
(408,0,116)->103 63 58
(403,159,116)->103 63 58
(0,0,156)->100 56 35
(0,78,117)->100 56 35
(102,0,117)->100 56 35
(102,78,78)->100 56 35
(204,0,78)->100 56 35
(204,78,39)->100 56 35
(204,156,0)->100 56 35
(306,0,39)->100 56 35
(408,0,174)->100 56 35
(403,159,174)->100 56 35
(0,78,152)->100 56 35
(102,0,152)->100 56 35
(102,78,113)->100 56 35
(204,0,113)->100 56 35
(204,78,74)->100 56 35
(204,156,35)->100 56 35
(306,0,74)->100 56 35
(102,78,148)->100 56 35
(204,0,148)->100 56 35
(204,78,109)->100 56 35
(204,156,70)->100 56 35
(306,0,109)->100 56 35
(102,78,183)->100 56 35
(204,0,183)->100 56 35
(204,78,144)->100 56 35
(204,156,105)->100 56 35
(306,0,144)->100 56 35
(204,78,179)->100 56 35
(204,156,140)->100 56 35
(306,0,179)->100 56 35
(204,156,175)->100 56 35
(500,78,0)->75 57 41
(511,0,0)->75 57 41
(506,159,0)->75 57 41
(500,78,41)->75 57 41
(511,0,41)->75 57 41
(506,159,41)->75 57 41
(500,78,82)->75 57 41
(511,0,82)->75 57 41
(506,159,82)->75 57 41
(500,78,123)->75 57 41
(511,0,123)->75 57 41
(506,159,123)->75 57 41
(500,78,164)->75 57 41
(511,0,164)->75 57 41
(506,159,164)->75 57 41
车厢的填充率为0.642150515692787

(0,0,0)->94 88 50
(0,0,50)->94 88 50
(0,88,0)->94 88 50
(94,0,0)->94 88 50
(0,0,100)->94 88 50
(0,88,50)->94 88 50
(94,0,50)->94 88 50
(94,88,0)->94 88 50
(188,0,0)->94 88 50
(0,0,150)->94 88 50
(0,88,100)->94 88 50
(94,0,100)->94 88 50
(94,88,50)->86 84 45
(188,0,50)->86 84 45
(188,88,0)->86 84 45
(282,0,0)->86 84 45
(0,88,150)->86 84 45
(94,0,150)->86 84 45
(94,88,95)->86 84 45
(188,0,95)->86 84 45
(188,88,45)->86 84 45
(282,0,45)->86 84 45
(282,84,0)->86 84 45
(368,0,0)->86 84 45
(94,88,140)->86 84 45
(188,0,140)->86 84 45
(188,88,90)->86 84 45
(282,0,90)->86 84 45
(282,84,45)->86 84 45
(368,0,45)->86 84 45
(454,0,0)->86 84 45
(368,84,0)->86 84 45
(188,88,135)->86 84 45
(282,0,135)->86 84 45
(282,84,90)->86 84 45
(368,0,90)->86 84 45
(454,0,45)->86 84 45
(368,84,45)->86 84 45
(282,84,135)->86 84 45
(368,0,135)->86 84 45
(454,0,90)->86 84 45
(368,84,90)->86 84 45
(454,0,135)->86 84 45
(368,84,135)->86 84 45
(188,88,180)->78 73 40
(454,0,180)->78 73 40
(368,84,180)->78 73 40
(368,168,0)->69 63 46
(282,168,0)->69 63 46
(368,168,46)->69 63 46
(282,168,46)->69 63 46
(351,168,0)->69 63 46
(368,168,92)->69 63 46
(282,168,92)->69 63 46
(351,168,46)->69 63 46
(368,168,138)->69 63 46
(282,168,138)->69 63 46
(351,168,92)->69 63 46
(351,168,138)->69 63 46
(188,172,0)->71 61 52
(188,172,52)->71 61 52
(188,172,104)->71 61 52
(188,172,156)->71 61 52
(94,176,0)->70 54 37
(94,176,37)->70 54 37
(94,176,74)->70 54 37
(94,176,111)->70 54 37
(94,176,148)->70 54 37
(94,88,185)->81 45 34
(188,0,185)->81 45 34
(540,0,0)->81 45 34
(540,0,34)->81 45 34
(540,0,68)->81 45 34
(540,0,102)->81 45 34
(540,0,136)->81 45 34
(540,0,170)->81 45 34
车厢的填充率为0.6992501733155819

(0,0,0)->113 92 33
(0,0,33)->113 92 33
(0,92,0)->113 92 33
(113,0,0)->113 92 33
(0,0,66)->113 92 33
(0,92,33)->113 92 33
(113,0,33)->113 92 33
(113,92,0)->113 92 33
(226,0,0)->113 92 33
(0,0,99)->113 92 33
(0,92,66)->113 92 33
(113,0,66)->113 92 33
(113,92,33)->113 92 33
(226,0,33)->113 92 33
(226,92,0)->113 92 33
(339,0,0)->119 59 39
(339,0,39)->119 59 39
(458,0,0)->119 59 39
(339,59,0)->119 59 39
(339,0,78)->119 59 39
(458,0,39)->119 59 39
(339,59,39)->119 59 39
(458,59,0)->119 59 39
(339,118,0)->119 59 39
(339,0,117)->119 59 39
(458,0,78)->119 59 39
(339,59,78)->119 59 39
(458,59,39)->119 59 39
(339,118,39)->119 59 39
(458,118,0)->119 59 39
(339,0,156)->119 59 39
(458,0,117)->119 59 39
(339,59,117)->119 59 39
(458,59,78)->119 59 39
(339,118,78)->119 59 39
(458,118,39)->119 59 39
(458,0,156)->119 59 39
(339,59,156)->119 59 39
(458,59,117)->119 59 39
(339,118,117)->119 59 39
(458,118,78)->119 59 39
(458,59,156)->119 59 39
(339,118,156)->119 59 39
(458,118,117)->119 59 39
(458,118,156)->119 59 39
(0,0,132)->92 64 33
(0,92,99)->92 64 33
(113,0,99)->92 64 33
(113,92,66)->92 64 33
(226,0,66)->92 64 33
(226,92,33)->92 64 33
(0,0,165)->92 64 33
(0,92,132)->92 64 33
(113,0,132)->92 64 33
(92,0,132)->92 64 33
(113,92,99)->92 64 33
(92,92,99)->92 64 33
(226,0,99)->92 64 33
(226,92,66)->92 64 33
(0,92,165)->92 64 33
(113,0,165)->92 64 33
(92,0,165)->92 64 33
(113,92,132)->92 64 33
(92,92,132)->92 64 33
(226,0,132)->92 64 33
(226,92,99)->92 64 33
(113,92,165)->92 64 33
(92,92,165)->92 64 33
(226,0,165)->92 64 33
(226,92,132)->92 64 33
(226,92,165)->92 64 33
(339,177,0)->116 49 47
(339,177,47)->116 49 47
(339,177,94)->116 49 47
(339,177,141)->116 49 47
(226,184,0)->99 37 30
(339,177,188)->99 37 30
(226,184,30)->99 37 30
(226,184,60)->99 37 30
(226,184,90)->99 37 30
(226,184,120)->99 37 30
(226,184,150)->99 37 30
(226,184,180)->99 37 30
车厢的填充率为0.6766521478170877

(0,0,0)->118 79 51
(0,0,51)->118 79 51
(0,79,0)->118 79 51
(118,0,0)->118 79 51
(0,0,102)->118 79 51
(0,79,51)->118 79 51
(118,0,51)->118 79 51
(118,79,0)->118 79 51
(236,0,0)->118 79 51
(0,0,153)->118 79 51
(0,79,102)->118 79 51
(118,0,102)->118 79 51
(118,79,51)->118 79 51
(236,0,51)->118 79 51
(236,79,0)->118 79 51
(354,0,0)->118 79 51
(0,79,153)->109 73 23
(118,0,153)->109 73 23
(118,79,102)->109 73 23
(236,0,102)->109 73 23
(236,79,51)->109 73 23
(236,158,0)->109 73 23
(354,0,51)->109 73 23
(472,0,0)->109 73 23
(354,79,0)->109 73 23
(0,79,176)->109 73 23
(118,0,176)->109 73 23
(118,79,125)->109 73 23
(236,0,125)->109 73 23
(236,79,74)->109 73 23
(236,158,23)->109 73 23
(354,0,74)->109 73 23
(472,0,23)->109 73 23
(354,79,23)->109 73 23
(354,152,0)->109 73 23
(463,79,0)->109 73 23
(118,79,148)->109 73 23
(236,0,148)->109 73 23
(236,79,97)->109 73 23
(236,158,46)->109 73 23
(354,0,97)->109 73 23
(472,0,46)->109 73 23
(354,79,46)->109 73 23
(354,152,23)->109 73 23
(463,79,23)->109 73 23
(463,152,0)->109 73 23
(118,79,171)->109 73 23
(236,0,171)->109 73 23
(236,79,120)->109 73 23
(236,158,69)->109 73 23
(354,0,120)->109 73 23
(472,0,69)->109 73 23
(354,79,69)->109 73 23
(354,152,46)->109 73 23
(463,79,46)->109 73 23
(463,152,23)->109 73 23
(118,79,194)->109 73 23
(236,0,194)->109 73 23
(236,79,143)->109 73 23
(236,158,92)->109 73 23
(354,0,143)->109 73 23
(472,0,92)->109 73 23
(354,79,92)->109 73 23
(354,152,69)->109 73 23
(463,79,69)->109 73 23
(463,152,46)->109 73 23
(236,79,166)->109 73 23
(236,158,115)->109 73 23
(354,0,166)->109 73 23
(472,0,115)->109 73 23
(354,79,115)->109 73 23
(354,152,92)->109 73 23
(463,79,92)->109 73 23
(463,152,69)->109 73 23
(236,79,189)->109 73 23
(236,158,138)->109 73 23
(354,0,189)->109 73 23
(472,0,138)->109 73 23
(354,79,138)->109 73 23
(354,152,115)->109 73 23
(463,79,115)->109 73 23
(463,152,92)->109 73 23
(236,158,161)->109 73 23
(472,0,161)->109 73 23
(354,79,161)->109 73 23
(354,152,138)->109 73 23
(463,79,138)->109 73 23
(463,152,115)->109 73 23
(236,158,184)->109 73 23
(472,0,184)->109 73 23
(354,79,184)->109 73 23
(354,152,161)->109 73 23
(463,79,161)->109 73 23
(463,152,138)->109 73 23
(354,152,184)->109 73 23
(463,79,184)->109 73 23
(463,152,161)->109 73 23
(463,152,184)->109 73 23
车厢的填充率为0.7515433561474023

(0,0,0)->114 97 69
(0,0,69)->114 97 69
(0,97,0)->114 97 69
(114,0,0)->114 97 69
(0,0,138)->114 97 69
(0,97,69)->105 97 47
(114,0,69)->105 97 47
(114,97,0)->105 97 47
(228,0,0)->105 97 47
(0,97,116)->105 97 47
(114,0,116)->105 97 47
(114,97,47)->105 97 47
(228,0,47)->105 97 47
(228,97,0)->105 97 47
(333,0,0)->105 97 47
(0,97,163)->105 97 47
(114,0,163)->105 97 47
(114,97,94)->105 97 47
(228,0,94)->105 97 47
(228,97,47)->105 97 47
(333,0,47)->105 97 47
(333,97,0)->105 97 47
(438,0,0)->105 97 47
(114,97,141)->105 97 47
(228,0,141)->105 97 47
(228,97,94)->105 97 47
(333,0,94)->105 97 47
(333,97,47)->105 97 47
(438,0,47)->105 97 47
(438,97,0)->105 97 47
(228,97,141)->105 97 47
(333,0,141)->105 97 47
(333,97,94)->105 97 47
(438,0,94)->105 97 47
(438,97,47)->105 97 47
(333,97,141)->105 97 47
(438,0,141)->105 97 47
(438,97,94)->105 97 47
(438,97,141)->105 97 47
(114,97,188)->82 58 23
(438,97,188)->82 58 23
(543,0,0)->81 39 24
(438,194,0)->81 39 24
(333,194,0)->81 39 24
(114,155,188)->81 39 24
(438,155,188)->81 39 24
(543,0,24)->81 39 24
(438,194,24)->81 39 24
(333,194,24)->81 39 24
(414,194,0)->81 39 24
(543,0,48)->81 39 24
(438,194,48)->81 39 24
(333,194,48)->81 39 24
(414,194,24)->81 39 24
(543,0,72)->81 39 24
(438,194,72)->81 39 24
(333,194,72)->81 39 24
(414,194,48)->81 39 24
(543,0,96)->81 39 24
(438,194,96)->81 39 24
(333,194,96)->81 39 24
(414,194,72)->81 39 24
(543,0,120)->81 39 24
(438,194,120)->81 39 24
(333,194,120)->81 39 24
(414,194,96)->81 39 24
(543,0,144)->81 39 24
(438,194,144)->81 39 24
(333,194,144)->81 39 24
(414,194,120)->81 39 24
(543,0,168)->81 39 24
(438,194,168)->81 39 24
(333,194,168)->81 39 24
(414,194,144)->81 39 24
(543,0,192)->81 39 24
(438,194,192)->81 39 24
(333,194,192)->81 39 24
(414,194,168)->81 39 24
(414,194,192)->81 39 24
(543,39,0)->55 44 36
(543,39,36)->55 44 36
(543,39,72)->55 44 36
(543,39,108)->55 44 36
(543,39,144)->55 44 36
(543,39,180)->55 44 36
车厢的填充率为0.7880838641365361

(0,0,0)->120 99 73
(0,0,73)->120 99 73
(0,99,0)->120 99 73
(120,0,0)->120 99 73
(0,0,146)->120 99 73
(0,99,73)->108 76 30
(120,0,73)->108 76 30
(120,99,0)->108 76 30
(240,0,0)->108 76 30
(0,99,103)->108 76 30
(120,0,103)->108 76 30
(120,99,30)->108 76 30
(240,0,30)->108 76 30
(240,76,0)->108 76 30
(348,0,0)->108 76 30
(0,99,133)->108 76 30
(120,0,133)->108 76 30
(120,99,60)->108 76 30
(240,0,60)->108 76 30
(240,76,30)->108 76 30
(240,152,0)->108 76 30
(348,0,30)->108 76 30
(456,0,0)->108 76 30
(348,76,0)->108 76 30
(0,99,163)->108 76 30
(120,0,163)->108 76 30
(120,99,90)->108 76 30
(240,0,90)->108 76 30
(240,76,60)->108 76 30
(240,152,30)->108 76 30
(348,0,60)->108 76 30
(456,0,30)->108 76 30
(348,76,30)->108 76 30
(348,152,0)->108 76 30
(456,76,0)->108 76 30
(120,99,120)->108 76 30
(240,0,120)->108 76 30
(240,76,90)->108 76 30
(240,152,60)->108 76 30
(348,0,90)->108 76 30
(456,0,60)->108 76 30
(348,76,60)->108 76 30
(348,152,30)->108 76 30
(456,76,30)->108 76 30
(120,99,150)->108 76 30
(240,0,150)->108 76 30
(240,76,120)->108 76 30
(240,152,90)->108 76 30
(348,0,120)->108 76 30
(456,0,90)->108 76 30
(348,76,90)->108 76 30
(348,152,60)->108 76 30
(456,76,60)->108 76 30
(120,99,180)->108 76 30
(240,0,180)->108 76 30
(240,76,150)->108 76 30
(240,152,120)->108 76 30
(348,0,150)->108 76 30
(456,0,120)->108 76 30
(348,76,120)->108 76 30
(348,152,90)->108 76 30
(456,76,90)->108 76 30
(240,76,180)->108 76 30
(240,152,150)->108 76 30
(348,0,180)->108 76 30
(456,0,150)->108 76 30
(348,76,150)->108 76 30
(348,152,120)->108 76 30
(456,76,120)->108 76 30
(240,152,180)->108 76 30
(456,0,180)->108 76 30
(348,76,180)->108 76 30
(348,152,150)->108 76 30
(456,76,150)->108 76 30
(348,152,180)->108 76 30
(456,76,180)->108 76 30
(120,175,0)->110 43 25
(120,175,25)->110 43 25
(120,175,50)->110 43 25
(120,175,75)->110 43 25
(120,175,100)->110 43 25
(120,175,125)->110 43 25
(120,175,150)->110 43 25
(120,175,175)->110 43 25
(0,198,0)->81 33 28
(0,198,28)->81 33 28
(0,198,56)->81 33 28
(0,198,84)->81 33 28
(0,198,112)->81 33 28
(0,198,140)->81 33 28
(0,198,168)->81 33 28
(0,99,193)->95 27 26
(120,0,193)->95 27 26
(0,126,193)->95 27 26
(120,27,193)->95 27 26
(81,198,0)->36 34 25
(81,198,25)->36 34 25
(81,198,50)->36 34 25
(81,198,75)->36 34 25
(81,198,100)->36 34 25
(81,198,125)->36 34 25
(81,198,150)->36 34 25
(81,198,175)->36 34 25
(0,198,196)->33 25 23
(33,198,196)->33 25 23
车厢的填充率为0.792255202957033

(0,0,0)->103 76 64
(0,0,64)->103 76 64
(0,76,0)->103 76 64
(103,0,0)->103 76 64
(0,0,128)->103 76 64
(0,76,64)->103 76 64
(0,152,0)->103 76 64
(103,0,64)->103 76 64
(103,76,0)->85 84 72
(206,0,0)->85 84 72
(103,76,72)->85 84 72
(206,0,72)->85 84 72
(206,84,0)->85 84 72
(291,0,0)->85 84 72
(103,76,144)->85 84 72
(206,0,144)->85 84 72
(206,84,72)->85 84 72
(291,0,72)->85 84 72
(291,84,0)->85 84 72
(376,0,0)->85 84 72
(206,84,144)->85 84 72
(291,0,144)->85 84 72
(291,84,72)->85 84 72
(376,0,72)->85 84 72
(461,0,0)->85 84 72
(376,84,0)->85 84 72
(291,84,144)->85 84 72
(376,0,144)->85 84 72
(461,0,72)->85 84 72
(376,84,72)->85 84 72
(461,0,144)->85 84 72
(376,84,144)->85 84 72
(0,76,128)->95 70 62
(0,152,64)->95 70 62
(103,0,128)->95 70 62
(103,160,0)->95 70 62
(0,152,126)->95 70 62
(103,160,62)->95 70 62
(103,160,124)->95 70 62
(291,168,0)->111 49 26
(291,168,26)->111 49 26
(291,168,52)->111 49 26
(291,168,78)->111 49 26
(291,168,104)->111 49 26
(291,168,130)->111 49 26
(291,168,156)->111 49 26
(291,168,182)->111 49 26
(103,160,186)->90 43 33
(376,168,0)->71 48 47
(376,168,47)->71 48 47
(376,168,94)->71 48 47
(376,168,141)->71 48 47
(402,168,0)->60 51 41
(402,168,41)->60 51 41
(402,168,82)->60 51 41
(402,168,123)->60 51 41
(402,168,164)->60 51 41
(0,0,192)->73 37 23
(546,0,0)->73 37 23
(0,76,190)->73 37 23
(103,0,190)->73 37 23
(0,152,188)->73 37 23
(0,37,192)->73 37 23
(546,0,23)->73 37 23
(546,0,46)->73 37 23
(546,0,69)->73 37 23
(546,0,92)->73 37 23
(546,0,115)->73 37 23
(546,0,138)->73 37 23
(546,0,161)->73 37 23
(546,0,184)->73 37 23
(376,168,188)->48 36 31
(103,203,186)->49 25 21
(0,113,190)->49 25 21
(103,37,190)->49 25 21
(0,189,188)->49 25 21
(73,0,192)->49 25 21
(73,25,192)->49 25 21
车厢的填充率为0.7589534862853037

(0,0,0)->102 78 39
(0,0,39)->102 78 39
(0,78,0)->102 78 39
(102,0,0)->102 78 39
(0,0,78)->102 78 39
(0,78,39)->102 78 39
(102,78,0)->97 81 27
(204,0,0)->97 81 27
(102,78,27)->97 81 27
(204,0,27)->97 81 27
(204,81,0)->97 81 27
(301,0,0)->97 81 27
(102,78,54)->97 81 27
(204,0,54)->97 81 27
(204,81,27)->97 81 27
(301,0,27)->97 81 27
(301,81,0)->97 81 27
(398,0,0)->97 81 27
(102,78,81)->97 81 27
(204,0,81)->97 81 27
(204,81,54)->97 81 27
(301,0,54)->97 81 27
(301,81,27)->97 81 27
(398,0,27)->97 81 27
(398,81,0)->97 81 27
(102,78,108)->97 81 27
(204,0,108)->97 81 27
(204,81,81)->97 81 27
(301,0,81)->97 81 27
(301,81,54)->97 81 27
(398,0,54)->97 81 27
(398,81,27)->97 81 27
(102,78,135)->97 81 27
(204,0,135)->97 81 27
(204,81,108)->97 81 27
(301,0,108)->97 81 27
(301,81,81)->97 81 27
(398,0,81)->97 81 27
(398,81,54)->97 81 27
(102,78,162)->97 81 27
(204,0,162)->97 81 27
(204,81,135)->97 81 27
(301,0,135)->97 81 27
(301,81,108)->97 81 27
(398,0,108)->97 81 27
(398,81,81)->97 81 27
(102,78,189)->97 81 27
(204,0,189)->97 81 27
(204,81,162)->97 81 27
(301,0,162)->97 81 27
(301,81,135)->97 81 27
(398,0,135)->97 81 27
(398,81,108)->97 81 27
(204,81,189)->97 81 27
(301,0,189)->97 81 27
(301,81,162)->97 81 27
(398,0,162)->97 81 27
(398,81,135)->97 81 27
(301,81,189)->97 81 27
(398,0,189)->97 81 27
(398,81,162)->97 81 27
(398,81,189)->97 81 27
(301,162,0)->103 63 58
(301,162,58)->103 63 58
(301,162,116)->103 63 58
(0,156,0)->97 63 56
(102,0,39)->97 63 56
(0,0,117)->97 63 56
(0,78,78)->97 63 56
(102,159,0)->97 63 56
(398,162,0)->97 63 56
(0,156,56)->97 63 56
(102,0,95)->97 63 56
(0,78,134)->97 63 56
(102,159,56)->97 63 56
(398,162,56)->97 63 56
(0,156,112)->97 63 56
(102,0,151)->97 63 56
(102,159,112)->97 63 56
(398,162,112)->97 63 56
(495,0,0)->85 67 39
(404,162,0)->85 67 39
(495,0,39)->85 67 39
(404,162,39)->85 67 39
(495,0,78)->85 67 39
(404,162,78)->85 67 39
(495,0,117)->85 67 39
(404,162,117)->85 67 39
(495,0,156)->85 67 39
(404,162,156)->85 67 39
(301,162,174)->100 56 35
(0,0,173)->91 50 40
(0,156,168)->91 50 40
(102,159,168)->91 50 40
(398,162,168)->91 50 40
(0,78,190)->61 48 30
车厢的填充率为0.772249832334207

(0,0,0)->113 92 33
(0,0,33)->113 92 33
(0,92,0)->113 92 33
(113,0,0)->113 92 33
(0,0,66)->113 92 33
(0,92,33)->113 92 33
(113,0,33)->113 92 33
(113,92,0)->113 92 33
(226,0,0)->98 96 56
(226,0,56)->98 96 56
(226,96,0)->98 96 56
(324,0,0)->98 96 56
(226,0,112)->98 96 56
(226,96,56)->98 96 56
(324,0,56)->98 96 56
(324,96,0)->98 96 56
(422,0,0)->98 96 56
(226,96,112)->98 96 56
(324,0,112)->98 96 56
(324,96,56)->98 96 56
(422,0,56)->98 96 56
(422,96,0)->98 96 56
(324,96,112)->98 96 56
(422,0,112)->98 96 56
(422,96,56)->98 96 56
(422,96,112)->98 96 56
(0,0,99)->98 88 47
(0,92,66)->98 88 47
(113,0,66)->98 88 47
(113,92,33)->98 88 47
(422,96,168)->98 88 47
(0,0,146)->98 88 47
(0,92,113)->98 88 47
(113,0,113)->98 88 47
(113,92,80)->98 88 47
(0,92,160)->98 88 47
(113,0,160)->98 88 47
(113,92,127)->98 88 47
(520,0,0)->92 64 33
(113,92,174)->92 64 33
(520,0,33)->92 64 33
(520,0,66)->92 64 33
(520,0,99)->92 64 33
(520,0,132)->92 64 33
(520,0,165)->92 64 33
(113,184,0)->99 37 30
(324,192,0)->99 37 30
(113,184,30)->99 37 30
(324,192,30)->99 37 30
(113,184,60)->99 37 30
(324,192,60)->99 37 30
(113,184,90)->99 37 30
(324,192,90)->99 37 30
(113,184,120)->99 37 30
(324,192,120)->99 37 30
(113,184,150)->99 37 30
(324,192,150)->99 37 30
(113,184,180)->99 37 30
(324,192,180)->99 37 30
(0,0,193)->83 44 23
(0,44,193)->83 44 23
(422,192,0)->52 37 28
(423,192,0)->52 37 28
(422,192,28)->52 37 28
(423,192,28)->52 37 28
(422,192,56)->52 37 28
(423,192,56)->52 37 28
(422,192,84)->52 37 28
(423,192,84)->52 37 28
(422,192,112)->52 37 28
(423,192,112)->52 37 28
(422,192,140)->52 37 28
(423,192,140)->52 37 28
(422,192,168)->52 37 28
(423,192,168)->52 37 28
(474,192,0)->41 33 31
(474,192,31)->41 33 31
(474,192,62)->41 33 31
(474,192,93)->41 33 31
(474,192,124)->41 33 31
(474,192,155)->41 33 31
(474,192,186)->41 33 31
车厢的填充率为0.7047657298430489

