----------第1个实例----------
实例的箱子数量：112
填充率：75.6698 | 装箱数：95 | 时间：0.018
未装入箱子的顺序：[96, 97, 98, 99, 100, 101, 102, 103, 104, 105, 106, 107, 108, 109, 110, 111, 112]
----------第2个实例----------
实例的箱子数量：86
填充率：78.7947 | 装箱数：65 | 时间：0.01
未装入箱子的顺序：[66, 67, 68, 69, 70, 71, 72, 73, 74, 75, 76, 77, 78, 79, 80, 81, 82, 83, 84, 85, 86]
----------第3个实例----------
实例的箱子数量：86
填充率：78.7947 | 装箱数：65 | 时间：0.01
未装入箱子的顺序：[66, 67, 68, 69, 70, 71, 72, 73, 74, 75, 76, 77, 78, 79, 80, 81, 82, 83, 84, 85, 86]
----------第4个实例----------
实例的箱子数量：168
填充率：80.1689 | 装箱数：126 | 时间：0.0499
未装入箱子的顺序：[127, 128, 129, 130, 131, 132, 133, 134, 135, 136, 137, 138, 139, 140, 141, 142, 143, 144, 145, 146, 147, 148, 149, 150, 151, 152, 153, 154, 155, 156, 157, 158, 159, 160, 161, 162, 163, 164, 165, 166, 167, 168]
----------第5个实例----------
实例的箱子数量：170
填充率：74.1348 | 装箱数：145 | 时间：0.0385
未装入箱子的顺序：[146, 147, 148, 149, 150, 151, 152, 153, 154, 155, 156, 157, 158, 159, 160, 161, 162, 163, 164, 165, 166, 167, 168, 169, 170]
----------第6个实例----------
实例的箱子数量：81
填充率：72.8851 | 装箱数：72 | 时间：0.01
未装入箱子的顺序：[73, 74, 75, 76, 77, 78, 79, 80, 81]
----------第7个实例----------
实例的箱子数量：114
填充率：72.5147 | 装箱数：94 | 时间：0.0189
未装入箱子的顺序：[78, 79, 80, 81, 82, 83, 84, 85, 86, 87, 88, 89, 90, 91, 92, 93, 94, 95, 96, 97]
----------第8个实例----------
实例的箱子数量：117
填充率：80.1779 | 装箱数：106 | 时间：0.019
未装入箱子的顺序：[84, 85, 86, 87, 88, 89, 90, 91, 92, 93, 117]
----------第9个实例----------
实例的箱子数量：118
填充率：77.421 | 装箱数：91 | 时间：0.0199
未装入箱子的顺序：[73, 74, 75, 76, 77, 78, 79, 80, 81, 82, 83, 84, 85, 86, 87, 107, 108, 109, 110, 111, 112, 113, 114, 115, 116, 117, 118]
----------第10个实例----------
实例的箱子数量：94
填充率：79.3284 | 装箱数：70 | 时间：0.013
未装入箱子的顺序：[71, 72, 73, 74, 75, 76, 77, 78, 79, 80, 81, 82, 83, 84, 85, 86, 87, 88, 89, 90, 91, 92, 93, 94]
----------第11个实例----------
实例的箱子数量：94
填充率：85.3818 | 装箱数：80 | 时间：0.012
未装入箱子的顺序：[71, 72, 73, 78, 79, 80, 81, 82, 83, 84, 85, 92, 93, 94]
----------第12个实例----------
实例的箱子数量：143
填充率：77.1112 | 装箱数：124 | 时间：0.0329
未装入箱子的顺序：[125, 126, 127, 128, 129, 130, 131, 132, 133, 134, 135, 136, 137, 138, 139, 140, 141, 142, 143]
----------第13个实例----------
实例的箱子数量：113
填充率：80.443 | 装箱数：91 | 时间：0.018
未装入箱子的顺序：[92, 93, 94, 95, 96, 97, 98, 99, 100, 101, 102, 103, 104, 105, 106, 107, 108, 109, 110, 111, 112, 113]
----------第14个实例----------
实例的箱子数量：115
填充率：74.2703 | 装箱数：98 | 时间：0.0189
未装入箱子的顺序：[80, 81, 82, 83, 84, 85, 86, 87, 88, 89, 90, 91, 92, 112, 113, 114, 115]
----------第15个实例----------
实例的箱子数量：185
填充率：81.1764 | 装箱数：143 | 时间：0.0529
未装入箱子的顺序：[136, 137, 142, 143, 144, 145, 146, 147, 148, 149, 150, 151, 152, 153, 154, 155, 160, 161, 162, 163, 164, 165, 166, 167, 168, 169, 170, 171, 172, 173, 174, 175, 176, 177, 178, 179, 180, 181, 182, 183, 184, 185]
----------第16个实例----------
实例的箱子数量：123
填充率：77.106 | 装箱数：98 | 时间：0.0209
未装入箱子的顺序：[71, 72, 73, 74, 75, 76, 95, 96, 97, 98, 99, 102, 103, 104, 105, 106, 107, 108, 109, 110, 111, 112, 113, 114, 115]
----------第17个实例----------
实例的箱子数量：135
填充率：75.956 | 装箱数：111 | 时间：0.0249
未装入箱子的顺序：[108, 109, 110, 111, 112, 113, 114, 115, 116, 117, 118, 119, 120, 121, 122, 127, 128, 129, 130, 131, 132, 133, 134, 135]
----------第18个实例----------
实例的箱子数量：132
填充率：75.128 | 装箱数：107 | 时间：0.0299
未装入箱子的顺序：[102, 103, 104, 105, 106, 107, 108, 109, 110, 111, 112, 113, 114, 115, 116, 117, 118, 119, 126, 127, 128, 129, 130, 131, 132]
----------第19个实例----------
实例的箱子数量：169
填充率：77.1104 | 装箱数：143 | 时间：0.0419
未装入箱子的顺序：[144, 145, 146, 147, 148, 149, 150, 151, 152, 153, 154, 155, 156, 157, 158, 159, 160, 161, 162, 163, 164, 165, 166, 167, 168, 169]
----------第20个实例----------
实例的箱子数量：138
填充率：75.8864 | 装箱数：106 | 时间：0.0289
未装入箱子的顺序：[107, 108, 109, 110, 111, 112, 113, 114, 115, 116, 117, 118, 119, 120, 121, 122, 123, 124, 125, 126, 127, 128, 129, 130, 131, 132, 133, 134, 135, 136, 137, 138]
----------第21个实例----------
实例的箱子数量：106
填充率：75.859 | 装箱数：91 | 时间：0.017
未装入箱子的顺序：[92, 93, 94, 95, 96, 97, 98, 99, 100, 101, 102, 103, 104, 105, 106]
----------第22个实例----------
实例的箱子数量：129
填充率：80.3366 | 装箱数：113 | 时间：0.0269
未装入箱子的顺序：[97, 98, 99, 100, 101, 102, 103, 121, 122, 123, 124, 125, 126, 127, 128, 129]
----------第23个实例----------
实例的箱子数量：149
填充率：76.0039 | 装箱数：118 | 时间：0.0329
未装入箱子的顺序：[106, 107, 108, 109, 110, 111, 112, 113, 114, 128, 129, 130, 131, 132, 133, 134, 135, 136, 137, 138, 139, 140, 141, 142, 143, 144, 145, 146, 147, 148, 149]
----------第24个实例----------
实例的箱子数量：138
填充率：77.6242 | 装箱数：111 | 时间：0.0249
未装入箱子的顺序：[98, 99, 100, 101, 102, 103, 104, 105, 106, 107, 108, 109, 110, 111, 112, 113, 114, 115, 116, 117, 118, 133, 134, 135, 136, 137, 138]
----------第25个实例----------
实例的箱子数量：144
填充率：78.3993 | 装箱数：128 | 时间：0.0319
未装入箱子的顺序：[112, 113, 114, 118, 119, 120, 121, 122, 124, 125, 126, 127, 128, 129, 130, 131]
